id	genero	edad	colegio	estrato	ingles	curso	pregrado	semestre	uso_carrera	frecuencia_ocio	frecuencia_academico	baby	please	Thank you	sorry	Hello	Goodbye	Bitch	Break	Brainstorming	Bot	Match	Influencer	Like	Crush	Dealer	Random	Ship	Troll	Mainstream	Freak	Hater	Follower	Brother	Feedback	Feeling	Fuck	Shit	Damn	Hype	Marketplace	What	Why	Where	When	Who	How	Whatever	Wherever	whenever	Whoever	however	Always	Sugar_daddy	Sugar_baby	Babe	Ok	Lol	Btw	Wait	Nice	Maybe	Omg	yes	not	wtf	idk	anyway	not_worry	but	so	spoiler	crazy	shut_up	slay	honey	cunt	loser	man	love	no_way	because	help	of_course	weird	blue_jean	round_point	dude	love_you	otros	total	medio	frec1	frec2	frec3	frec4	frec5	frec6	frec7	frec8	frec9	frec10	frec11	total	razon1	razon2	razon3	razon4	razon5	razon6	razon7
1	1	21	0	1	0	5	1	8	1	0	0	0	0	1	1	1	0	0	0	0	0	0	1	1	1	0	0	0	0	0	0	1	0	0	0	0	0	0	0	0	1	0	1	0	0	0	0	0	0	0	0	0	0	1	0	0	0	0	0	0	0	1	0	0	0	0	0	0	0	0	0	0	0	0	0	0	0	0	0	0	0	0	0	0	0	0	0	0	0	0	11	0	3	3	2	3	3	2	1	1	3	3	3	27	2	3	1	1	1	1	2
2	0	24	0	2	1	3	1	7	0	0	0	0	1	1	1	0	0	0	0	0	0	1	1	0	1	1	0	0	1	0	0	1	0	0	0	0	0	0	0	1	0	0	0	0	0	0	0	0	0	0	0	0	0	0	0	0	0	0	0	0	0	0	1	0	0	0	0	0	0	0	0	0	0	0	0	0	0	0	0	0	0	0	0	0	0	0	0	0	0	0	11	0	2	2	1	2	2	1	1	1	2	1	1	16	2	1	1	1	1	1	2
3	1	28	0	3	0	5	1	10	1	1	0	1	1	1	1	1	0	0	0	0	0	0	1	1	0	0	0	0	0	0	0	1	0	0	0	1	0	0	0	0	0	1	1	1	1	1	0	0	1	0	0	0	1	0	0	0	1	0	0	1	0	0	1	1	1	0	0	0	0	0	0	0	0	0	0	0	0	0	0	0	0	0	0	0	0	0	0	0	0	2	23	0	3	2	1	3	1	1	1	1	3	3	2	21	3	2	1	2	2	2	3
4	0	22	1	3	1	3	1	7	1	1	0	1	0	1	1	0	1	0	0	0	1	1	1	1	1	0	1	0	0	0	0	1	1	0	0	0	0	0	0	0	10	0	0	0	0	0	0	0	0	0	0	0	0	1	1	1	1	0	0	0	1	1	1	1	1	0	0	0	0	0	0	0	0	0	0	0	0	0	0	0	0	0	0	0	0	0	0	0	0	0	31	0	3	3	2	3	2	1	1	1	1	3	3	23	3	3	1	1	1	1	2
5	1	22	0	1	1	3	1	8	0	0	1	1	0	0	1	1	0	0	0	0	0	0	1	1	1	0	0	0	0	0	0	1	0	1	0	0	0	0	0	0	0	1	0	0	0	0	0	0	0	0	0	0	0	1	0	0	1	0	0	0	0	0	0	1	0	0	0	0	0	0	0	0	0	0	0	0	0	0	0	0	0	0	0	0	0	0	0	0	0	0	12	0	3	3	3	3	3	3	1	1	2	3	2	27	2	2	2	1	1	1	3
6	0	24	0	3	0	4	1	10	1	0	0	0	0	0	0	0	0	0	0	1	1	0	1	1	0	0	0	0	0	1	0	1	0	0	1	0	0	0	0	0	0	0	0	0	0	0	0	0	0	0	0	0	0	0	0	0	0	0	0	0	0	0	0	0	0	0	0	0	0	0	0	0	0	0	0	0	0	0	0	0	0	0	0	0	0	0	0	0	0	0	7	0	2	2	1	2	2	1	1	1	2	1	1	16	2	2	1	1	1	1	1
7	1	25	0	3	1	5	1	10	1	0	1	0	1	1	1	1	1	0	0	0	0	0	0	0	1	0	0	0	0	0	0	0	0	0	0	0	0	0	0	0	0	1	1	1	0	0	0	0	0	0	0	0	1	1	1	0	1	0	0	1	0	0	0	0	0	0	0	0	0	0	0	0	0	0	0	0	0	0	0	0	0	0	0	0	0	0	0	0	0	0	14	0	3	3	2	2	3	1	1	1	1	1	3	21	2	2	2	2	2	1	1
8	1	22	0	2	0	5	1	9	0	0	0	1	0	0	0	1	0	0	0	0	0	0	1	0	0	0	0	0	0	0	0	0	0	1	0	1	0	0	0	0	1	1	0	0	0	0	0	0	0	0	0	0	0	1	1	0	1	0	0	0	0	0	0	1	0	0	0	0	0	0	0	0	0	0	0	0	0	0	0	0	0	0	0	0	0	0	0	0	0	0	11	0	3	3	1	3	2	1	1	1	3	3	3	24	3	3	3	2	3	1	2
9	1	24	0	2	1	5	1	8	1	2	0	0	1	1	1	1	1	0	1	0	1	1	1	1	0	0	1	0	0	0	0	1	1	0	1	1	1	0	0	0	0	1	1	0	0	0	0	1	0	0	0	0	1	0	0	0	1	0	0	0	1	0	1	1	0	0	0	0	0	0	0	0	0	0	0	0	0	0	0	0	0	0	0	0	0	0	0	0	0	0	24	0	3	2	3	3	1	1	1	1	3	3	3	24	2	3	1	1	2	1	3
10	0	25	0	3	0	5	2	9	1	1	0	1	1	1	1	1	1	0	0	0	0	0	0	1	0	0	0	0	0	0	0	0	0	0	0	0	0	0	0	0	0	1	1	1	1	0	0	0	0	0	0	0	0	0	0	0	0	0	1	1	1	1	1	1	1	0	0	0	0	0	0	0	0	0	0	0	0	0	0	0	0	0	0	0	0	0	0	0	0	0	18	2	2	2	2	2	1	1	1	1	3	2	3	20	1	1	1	1	1	1	3
11	1	31	1	3	1	4	1	9	1	2	0	1	1	1	1	1	1	0	0	0	0	0	1	1	0	1	0	0	0	0	0	0	0	0	0	0	0	0	0	0	1	1	1	1	1	1	1	1	1	1	1	1	1	1	0	0	0	0	0	1	0	1	1	1	1	0	0	0	0	0	0	0	0	0	0	0	0	0	0	0	0	0	0	0	0	0	0	0	0	0	28	0	3	1	1	3	1	1	1	1	2	1	3	18	3	3	1	1	1	1	1
12	1	21	0	4	1	5	1	8	1	2	0	1	1	1	1	0	0	1	0	0	0	1	1	1	1	1	1	0	0	0	0	1	1	1	0	1	1	1	1	1	1	1	1	0	0	0	0	0	0	0	0	0	0	1	1	1	1	0	0	1	0	0	0	1	0	0	0	0	0	0	0	0	0	0	0	0	0	0	0	0	0	0	0	0	0	0	0	0	0	2	30	2	1	1	1	1	1	2	3	3	3	1	1	18	1	1	2	3	3	3	2
13	1	26	0	3	2	5	1	9	2	2	1	1	1	1	0	1	1	0	0	0	0	1	1	1	1	1	1	0	0	0	0	0	0	0	1	1	1	1	1	0	1	1	0	0	0	0	0	1	0	0	0	0	0	1	1	1	1	0	1	1	0	0	1	1	0	0	0	0	0	0	0	0	0	0	0	0	0	0	0	0	0	0	0	0	0	0	0	0	0	7	34	2	3	3	2	3	3	1	1	1	3	3	3	26	3	3	1	2	1	1	2
14	1	19	0	3	1	1	0	4	1	1	0	1	1	1	1	1	1	1	0	0	0	0	1	1	1	0	1	1	0	0	0	1	1	1	0	1	1	1	0	1	0	1	1	1	1	1	1	1	1	1	1	1	1	1	1	0	1	0	0	0	1	1	1	1	1	0	0	0	0	0	0	0	0	0	0	0	0	0	0	0	0	0	0	0	0	0	0	0	0	0	39	2	3	3	3	3	3	1	1	2	3	3	3	28	2	1	1	1	3	1	3
15	1	22	0	3	1	4	0	1	2	0	1	1	1	1	0	1	1	0	0	0	0	1	1	1	1	0	1	1	1	0	1	1	1	1	1	1	1	1	1	1	0	1	1	1	1	1	1	1	1	0	0	0	1	1	1	1	1	1	1	1	1	1	1	1	1	0	0	0	0	0	0	0	0	0	0	0	0	0	0	0	0	0	0	0	0	0	0	0	0	0	43	2	3	3	3	3	3	1	1	1	3	3	3	27	3	1	1	1	1	1	3
16	0	18	0	3	2	6	0	4	1	2	0	0	1	1	1	1	1	1	1	0	1	1	1	1	0	1	1	1	0	1	1	1	1	1	0	1	1	1	1	1	0	1	1	1	1	1	1	1	1	1	1	1	1	1	0	0	1	1	1	1	1	1	1	1	1	1	0	0	0	0	0	0	0	0	0	0	0	0	1	0	0	0	0	0	0	0	0	0	0	1	49	1	3	3	3	3	3	1	1	1	3	3	3	27	1	2	1	1	1	1	3
17	1	18	0	4	0	2	0	4	1	1	0	1	1	1	1	1	1	0	0	0	0	1	1	1	0	0	1	1	0	0	0	0	1	1	0	1	0	1	0	0	0	1	1	0	0	0	0	0	0	0	0	0	0	1	1	0	1	1	0	0	1	1	1	1	0	0	0	0	0	0	0	0	0	0	0	0	0	0	0	0	0	0	0	0	0	0	0	0	0	0	25	0	3	3	2	3	3	3	1	2	3	3	3	29	3	3	2	1	1	1	2
18	1	22	0	3	0	3	0	4	1	2	0	1	1	1	1	1	1	1	1	0	1	1	1	1	1	1	1	1	1	1	1	1	0	0	0	1	1	1	1	1	1	1	1	1	1	1	1	1	0	0	0	0	1	1	1	1	1	1	1	1	1	1	1	1	0	0	0	0	0	0	0	0	0	0	0	0	0	0	0	0	0	0	0	0	0	0	0	0	0	0	45	2	3	2	3	3	1	3	1	1	3	3	3	26	2	3	2	1	1	1	3
19	0	19	1	3	2	6	0	4	1	2	0	1	1	1	1	1	1	1	0	0	0	0	0	0	0	0	1	0	0	0	0	0	0	1	0	0	1	1	1	0	0	0	0	0	0	0	0	0	0	0	0	0	0	1	0	1	1	0	1	0	0	0	1	0	0	0	0	0	0	0	0	0	0	0	0	0	0	0	0	0	0	0	0	0	0	0	0	0	0	0	17	2	3	3	3	3	3	1	2	1	3	3	3	28	2	1	1	1	1	1	3
20	1	19	1	4	1	5	0	4	2	1	0	1	1	1	0	1	1	1	0	0	1	1	1	1	1	1	1	1	0	0	0	1	0	1	0	0	1	1	0	0	0	1	0	0	0	0	0	1	0	0	0	0	0	1	1	0	1	0	0	0	0	1	1	1	0	0	0	0	0	0	0	0	0	0	0	0	0	0	0	0	0	0	0	0	0	0	0	0	0	0	26	2	3	3	2	3	3	2	1	1	3	3	3	27	2	3	2	1	1	1	2
21	1	21	0	3	1	6	0	4	2	2	0	1	1	1	1	1	1	1	0	0	0	1	1	1	1	1	1	1	0	0	0	1	1	1	0	1	0	0	0	0	1	1	0	0	0	1	1	1	1	0	0	1	1	1	1	0	1	1	1	1	1	1	1	1	0	0	1	0	0	0	0	0	0	0	0	0	0	1	1	0	0	0	0	0	0	0	0	0	0	3	42	1	3	3	3	3	3	1	1	1	3	3	3	27	2	3	1	1	3	1	3
22	1	20	0	3	0	0	0	4	1	1	0	1	1	1	1	1	1	1	0	0	0	1	1	1	1	1	1	0	1	0	0	1	0	1	0	1	1	1	1	1	1	1	0	0	0	0	0	0	0	0	0	0	1	1	1	1	1	1	0	0	1	1	1	1	1	0	0	0	0	0	0	0	0	0	0	0	0	0	0	0	0	0	0	0	0	0	0	0	0	3	37	0	3	3	1	2	3	3	2	1	3	3	3	27	3	3	2	1	1	1	1
23	1	22	0	2	0	3	0	4	1	0	0	1	1	1	1	1	1	1	0	0	0	1	1	1	1	1	1	0	0	0	0	1	0	0	0	1	1	0	0	0	0	1	1	0	0	0	0	0	0	0	0	0	0	1	0	0	1	0	0	0	0	0	1	0	0	0	0	0	0	0	0	0	0	0	0	0	0	0	0	0	0	0	0	0	0	0	0	0	0	0	21	0	2	2	3	2	1	1	1	1	3	3	3	22	2	3	2	1	2	2	3
24	0	24	0	2	1	2	0	4	1	1	1	1	1	1	1	1	1	1	0	0	0	1	1	1	1	1	1	1	0	0	0	1	1	1	0	0	0	0	0	0	0	1	0	1	0	0	0	1	0	0	0	0	0	1	1	0	1	0	0	0	1	1	0	1	1	0	0	0	0	0	0	0	0	0	0	0	0	1	1	0	0	0	0	0	0	0	0	0	0	1	30	2	2	3	3	2	2	1	1	1	3	3	3	24	3	2	3	2	1	1	2
25	0	24	0	2	0	2	0	4	1	0	0	0	0	0	0	0	0	0	0	0	0	0	1	0	0	0	0	0	0	0	0	0	0	0	0	0	0	0	0	0	0	0	0	0	0	0	0	0	0	0	0	0	0	1	0	0	1	0	0	0	0	0	0	0	0	0	0	0	0	0	0	0	0	0	0	0	0	0	0	0	0	0	0	0	0	0	0	0	0	0	3	2	3	1	2	2	1	1	2	2	3	3	3	23	1	3	1	1	1	1	3
26	1	30	0	4	1	6	0	5	1	1	0	1	0	0	0	0	0	0	0	0	0	0	1	0	0	0	1	0	0	0	0	0	0	0	0	0	0	0	0	0	0	0	0	0	0	0	0	0	0	0	0	0	1	1	0	0	1	0	0	0	0	0	0	0	0	0	0	0	0	0	0	0	0	0	0	0	0	0	0	0	0	0	0	0	0	0	0	0	0	2	8	1	3	3	3	2	2	1	1	1	3	1	3	23	1	2	1	1	2	1	3
27	1	20	0	3	1	4	2	5	2	1	1	0	1	1	1	0	0	0	1	0	0	1	1	1	0	0	0	0	0	0	0	0	1	0	1	1	0	0	0	0	0	1	1	1	1	1	1	1	0	0	0	1	1	0	0	0	1	0	1	1	1	1	1	1	1	0	0	0	0	0	0	0	0	0	0	0	0	0	0	0	0	0	0	0	0	0	0	0	0	0	27	2	2	2	1	2	3	2	2	2	1	1	2	20	2	2	1	1	1	1	2
28	0	24	1	3	1	5	2	4	2	1	0	1	1	1	1	1	1	0	1	0	0	0	1	1	0	1	0	0	0	0	0	1	0	0	1	1	1	1	0	0	0	1	1	1	1	1	1	0	1	1	0	0	0	1	1	1	1	0	0	1	1	1	0	1	0	0	0	0	0	0	0	0	0	0	0	0	0	0	0	0	0	0	0	0	0	0	0	0	0	0	31	2	3	3	3	3	3	2	1	1	3	3	3	28	1	2	1	1	1	1	3
29	0	18	0	2	2	6	2	4	2	1	1	0	0	1	0	1	0	0	0	0	0	0	1	1	1	1	1	0	0	0	0	0	0	1	0	0	1	1	0	0	0	1	1	1	1	1	1	0	0	0	0	0	0	0	0	0	1	0	0	0	0	0	0	1	1	0	0	0	0	0	0	0	0	0	0	0	0	0	0	0	0	0	0	0	0	0	0	0	0	0	19	2	2	2	2	2	2	1	1	1	2	2	2	19	2	2	2	1	1	1	3
30	0	31	0	2	0	1	2	4	2	0	1	0	0	1	0	0	0	0	0	0	0	0	0	0	0	0	0	0	0	0	0	0	0	0	0	0	0	0	0	0	0	0	0	0	0	0	0	0	0	0	0	0	0	0	0	0	0	0	0	1	0	0	0	0	1	0	0	0	0	0	0	0	0	0	0	0	0	0	0	0	0	0	0	0	0	0	0	0	0	0	3	0	2	2	2	2	2	2	1	3	2	1	2	21	1	1	1	1	1	1	1
31	1	23	1	2	0	1	2	4	2	1	1	1	1	1	1	1	1	1	1	0	0	1	1	1	1	1	1	1	1	0	0	1	1	1	0	1	1	1	1	0	1	1	1	1	1	1	1	1	1	1	1	1	1	1	1	1	1	0	0	1	1	1	1	1	1	0	0	0	0	0	0	0	0	0	0	0	0	0	0	0	0	0	0	0	0	0	0	0	0	0	46	0	3	3	2	3	2	2	1	1	3	3	3	26	2	2	1	1	1	1	3
32	1	22	0	2	1	5	2	4	2	2	2	1	1	1	1	1	1	1	1	1	1	1	1	1	1	1	1	1	1	0	1	1	1	0	1	1	1	1	1	1	1	1	1	1	1	1	1	1	1	1	1	1	1	1	1	1	1	1	1	1	1	1	1	1	1	0	0	0	0	0	0	0	0	0	0	0	0	0	0	0	0	0	0	0	0	0	0	0	0	0	52	2	3	3	2	3	3	1	1	1	3	3	3	26	1	1	1	1	1	1	2
33	1	25	0	2	1	4	2	4	2	1	0	1	1	1	1	1	1	1	0	0	0	0	1	1	1	1	1	1	1	0	0	0	0	1	1	1	1	1	1	0	1	1	1	1	0	0	0	1	1	0	0	1	0	1	1	0	1	1	0	1	1	1	1	1	0	0	0	0	0	0	0	0	0	0	0	0	0	0	0	0	0	0	0	0	0	0	0	0	0	0	36	1	3	3	3	3	3	1	1	1	3	3	3	27	1	1	1	1	1	3	3
34	1	20	0	2	2	6	2	4	1	2	0	0	1	0	0	1	1	0	1	0	0	0	0	1	0	0	1	0	0	0	0	0	0	0	0	0	0	0	0	0	0	1	1	0	1	0	0	1	0	0	0	0	1	0	0	0	1	0	0	1	0	1	0	1	1	0	0	1	0	0	0	0	0	0	0	0	0	0	0	0	0	0	0	0	0	0	0	0	0	0	17	1	3	3	3	3	3	1	1	1	3	1	3	25	3	2	1	2	2	2	3
35	0	20	0	2	1	4	2	4	2	2	1	0	1	1	1	1	1	0	0	0	0	1	0	0	0	0	0	0	0	0	0	1	0	1	0	0	0	0	0	0	0	0	0	0	0	0	0	0	0	0	0	0	0	0	0	0	1	0	0	0	0	0	0	1	1	0	0	0	0	0	0	0	0	0	0	0	0	0	0	0	0	0	0	0	0	0	0	0	0	0	11	0	3	2	1	3	2	1	1	1	3	2	3	22	2	2	1	1	1	2	2
36	1	19	1	4	2	6	2	4	1	1	1	1	1	1	1	1	1	1	1	0	0	0	0	0	0	0	0	0	0	0	0	1	0	1	0	1	1	1	1	0	1	1	1	1	1	1	1	0	1	0	0	0	0	0	0	0	0	0	1	1	1	0	0	1	1	0	0	0	0	0	0	0	0	0	0	0	0	0	0	0	0	0	0	0	0	0	0	0	0	0	27	2	3	3	3	3	3	3	2	2	3	3	3	31	1	1	1	1	1	1	3
37	0	20	0	3	1	3	2	4	1	0	1	1	1	1	1	1	1	1	1	0	1	1	1	1	1	1	1	1	1	1	1	1	0	1	0	0	1	0	0	0	1	1	0	0	0	0	0	0	0	0	0	0	0	1	1	0	1	1	0	0	1	0	0	1	1	0	0	0	0	0	0	0	0	0	0	0	0	0	0	0	0	0	0	0	0	0	0	0	0	0	31	0	2	2	1	2	2	1	1	1	2	1	2	17	2	1	1	1	1	1	1
38	1	20	1	3	0	2	2	4	2	1	1	1	1	1	1	1	1	1	1	0	0	0	1	1	1	0	1	0	0	0	0	1	0	0	0	1	0	0	0	0	1	1	1	1	0	0	0	0	0	0	0	0	1	0	0	0	1	0	0	0	1	1	1	1	1	0	0	0	0	0	0	0	0	0	0	0	0	0	0	0	0	0	0	0	0	0	0	0	0	0	25	0	3	3	3	3	3	3	1	3	3	3	3	31	3	3	1	1	1	1	3
39	0	20	1	2	2	2	2	4	2	2	1	0	1	1	1	1	1	0	1	0	1	0	1	1	1	1	1	1	1	1	1	1	1	1	1	1	1	1	1	1	1	1	1	1	1	1	1	0	0	0	0	0	1	0	0	1	1	1	1	1	1	1	1	1	1	0	0	0	0	0	0	0	0	0	0	0	0	0	0	0	0	0	0	0	0	0	0	0	0	0	43	1	3	3	3	3	3	1	3	2	3	3	3	30	1	1	1	2	1	1	3
40	1	51	0	2	0	4	2	4	1	1	0	0	1	0	1	0	0	0	0	0	0	0	1	0	0	0	0	0	0	0	0	0	0	0	0	0	0	0	0	0	1	1	0	0	0	0	0	0	0	0	0	0	0	0	0	0	1	1	0	0	0	0	1	1	0	0	0	0	0	0	0	0	0	0	0	0	0	0	0	0	0	0	0	0	0	0	0	0	0	0	9	2	2	3	2	2	2	2	2	2	2	2	3	24	1	1	1	1	1	1	2
41	1	18	0	2	1	3	2	4	2	2	0	1	1	1	1	1	1	1	1	0	0	1	1	1	1	1	1	1	1	1	1	1	1	1	1	0	1	1	1	0	0	1	1	1	1	1	1	1	1	0	0	0	1	1	1	1	1	0	1	1	1	1	1	1	1	0	0	0	0	0	0	0	0	0	0	0	0	0	0	0	0	0	0	0	0	0	0	0	0	0	45	2	2	2	1	2	3	1	1	1	3	3	3	22	3	3	1	1	1	1	3
42	1	23	0	1	0	2	2	4	2	0	2	0	0	0	0	0	0	0	0	0	0	0	0	1	0	0	0	0	0	0	0	0	0	0	0	0	0	0	0	0	0	0	0	0	0	0	0	0	0	0	0	0	0	0	0	0	0	0	0	0	0	0	0	0	0	0	0	0	0	0	0	0	0	0	0	0	0	0	0	0	0	0	0	0	0	0	0	0	0	0	1	0	1	1	1	1	1	1	1	1	2	2	1	13	1	1	1	1	1	1	1
43	0	21	0	2	2	2	2	4	1	2	0	0	1	1	1	1	0	0	0	0	0	0	0	0	0	0	1	0	0	0	0	0	0	0	0	0	1	0	1	0	0	1	0	0	0	1	0	0	0	0	0	0	0	0	0	0	0	0	0	1	1	1	0	0	0	0	0	0	0	0	0	0	0	0	0	0	0	0	0	0	0	0	0	0	0	0	0	0	0	0	12	2	3	3	3	3	1	1	1	1	3	2	2	23	1	1	1	1	1	1	3
44	0	28	1	2	0	2	2	4	2	2	1	0	0	0	0	0	0	0	0	0	0	0	0	0	0	0	0	0	0	0	0	1	0	0	0	0	0	0	0	0	0	1	0	0	0	0	0	0	0	0	0	0	0	0	0	0	0	0	0	0	0	0	0	0	0	0	0	0	0	0	0	0	0	0	0	0	0	0	0	0	0	0	0	0	0	0	0	0	0	0	2	0	2	2	2	2	2	2	3	3	1	2	2	23	1	1	1	3	3	3	3
45	0	21	0	3	2	2	2	5	2	1	1	0	1	1	0	0	0	0	0	0	1	0	0	0	0	0	0	0	1	1	0	1	0	0	0	1	1	0	1	0	0	1	0	0	0	0	0	0	0	0	0	0	0	0	0	0	1	1	0	1	0	0	0	0	0	0	0	0	0	0	0	0	0	0	0	0	0	0	0	0	0	0	0	0	0	0	0	0	0	0	13	1	2	1	1	2	1	1	1	1	3	3	3	19	1	1	1	1	1	1	3
46	2	23	0	1	1	4	2	4	2	2	1	0	1	0	1	1	1	1	0	0	0	0	1	1	1	0	1	0	0	0	0	1	1	1	1	1	1	1	0	1	0	0	1	1	1	1	1	0	0	0	0	0	1	1	1	0	1	1	0	1	1	0	1	1	1	0	0	0	0	0	0	0	0	0	0	0	0	0	0	0	0	0	0	0	0	0	0	0	0	0	32	2	3	3	2	3	3	1	1	1	3	3	3	26	3	2	1	2	2	1	2
47	0	23	0	2	0	4	2	4	2	0	0	1	1	1	1	1	1	0	1	0	1	1	1	1	1	0	1	1	0	0	0	1	1	1	0	0	0	0	0	0	0	1	0	0	0	0	0	0	0	0	0	0	0	0	0	0	0	0	0	0	1	0	1	1	1	0	0	0	0	0	0	0	0	0	0	0	0	0	0	0	0	0	0	0	0	0	0	0	0	0	22	0	2	2	2	1	1	3	3	3	1	1	1	20	1	1	1	3	3	3	3
48	0	22	0	3	2	3	2	4	1	2	1	1	1	1	1	1	1	1	1	1	1	1	1	1	1	1	1	1	1	1	1	1	1	1	1	1	1	1	1	1	1	1	1	1	1	1	1	1	1	1	1	1	1	1	1	1	1	0	1	1	1	1	1	1	1	0	0	0	0	0	0	0	0	0	0	0	0	0	0	0	0	0	0	0	0	0	0	0	0	1	54	1	2	2	1	2	1	1	3	1	3	3	2	21	1	3	1	1	1	1	3
49	1	20	0	2	2	3	2	4	2	2	1	1	1	1	1	0	1	1	1	0	1	0	1	1	1	0	1	1	0	0	0	1	0	1	0	0	1	1	0	1	0	1	1	1	1	1	1	0	0	0	0	0	1	1	0	0	1	0	0	0	0	1	0	1	0	0	0	0	0	0	0	0	0	0	0	0	0	0	0	0	0	0	0	0	0	0	0	0	0	0	29	1	3	3	3	3	3	3	3	3	3	3	3	33	1	2	2	1	1	1	2
50	1	22	0	3	0	5	2	6	2	2	2	1	1	1	1	1	1	1	1	0	0	0	1	1	1	0	1	0	0	0	0	1	1	1	0	1	1	1	1	0	0	1	1	1	1	1	1	0	1	0	0	0	1	1	1	1	1	1	1	1	1	1	1	1	1	0	0	0	0	0	0	0	0	0	0	0	0	0	0	0	0	0	0	0	0	0	0	0	0	0	39	0	3	3	2	3	2	2	1	1	3	3	3	26	1	1	1	1	1	1	3
51	0	50	0	2	0	3	2	4	2	0	1	1	1	1	1	1	1	0	0	0	0	0	1	0	0	0	0	0	0	0	0	0	1	0	0	1	1	0	0	0	0	1	1	0	0	0	0	0	0	0	0	0	0	0	0	1	1	0	0	0	0	0	0	1	1	0	0	0	0	0	0	0	0	0	0	0	0	0	0	0	0	0	0	0	0	0	0	0	0	0	16	2	2	2	2	2	2	2	1	1	2	2	2	20	2	2	1	1	1	1	1
52	1	19	0	2	0	3	2	4	2	1	2	1	1	1	1	1	1	1	1	0	1	1	1	1	1	1	1	1	0	0	0	1	1	1	1	1	1	1	0	0	1	1	1	1	1	1	1	1	1	1	1	1	1	1	1	1	1	0	0	1	1	1	1	1	1	0	0	0	0	0	0	0	0	0	0	0	0	0	0	0	0	0	0	0	0	0	0	0	0	0	46	1	3	3	3	3	3	1	1	2	2	2	1	24	3	3	3	1	1	1	1
53	0	22	0	2	1	3	2	5	2	2	2	1	1	1	1	1	1	1	1	0	1	1	1	1	1	0	1	0	0	0	1	1	1	1	1	1	0	0	0	0	1	1	1	1	1	1	1	1	1	1	1	1	1	0	0	0	1	1	1	1	1	1	1	1	1	0	0	0	0	0	0	0	0	0	0	0	0	0	0	0	0	0	0	0	0	0	0	0	0	0	42	1	2	2	2	2	2	2	2	1	3	3	2	23	1	1	1	1	1	1	2
54	0	20	0	3	0	3	2	5	2	1	2	0	1	1	1	0	1	0	0	0	0	0	1	1	0	0	1	0	0	0	0	1	0	0	0	1	0	0	0	0	0	1	1	0	0	0	0	0	1	0	0	1	0	0	0	0	0	0	0	0	1	1	1	1	1	0	0	0	0	0	0	0	0	0	0	0	0	0	0	0	0	0	0	0	0	0	0	0	0	1	19	0	2	2	1	2	1	1	1	1	2	3	3	19	1	1	1	1	1	1	3
55	1	21	0	2	0	2	2	4	2	2	1	1	1	1	1	0	0	1	0	0	0	0	0	1	1	0	1	1	0	0	0	1	0	0	0	0	1	1	1	0	0	1	1	1	0	1	0	1	1	1	1	1	0	1	1	0	1	0	0	0	1	1	1	0	0	1	0	0	0	0	0	0	0	0	0	0	0	0	0	0	0	0	0	0	0	0	0	0	0	0	29	2	3	3	1	3	1	1	1	1	3	3	3	23	1	3	1	1	1	1	3
56	1	22	1	3	2	6	2	4	2	2	2	0	1	1	1	1	1	1	1	1	1	1	1	1	1	1	1	1	1	1	1	1	1	1	1	1	1	1	1	1	1	1	1	1	1	1	1	1	1	1	1	1	1	0	1	1	1	0	1	1	1	1	1	1	1	0	1	0	0	0	0	0	0	0	0	0	0	0	0	0	0	0	0	0	0	0	0	0	0	2	54	2	3	3	3	3	3	1	2	1	3	3	3	28	1	1	1	1	1	1	3
57	0	23	0	2	0	4	2	7	2	1	1	1	1	1	1	1	1	1	1	0	0	0	1	1	1	1	1	1	0	0	0	1	1	0	0	0	1	1	0	0	0	1	1	1	1	1	1	1	1	0	0	0	1	1	1	1	1	0	0	0	1	1	1	1	1	0	0	0	0	0	0	0	0	0	0	0	0	0	0	0	0	0	0	0	0	0	0	0	0	0	36	0	3	3	3	3	2	1	1	1	3	3	3	26	3	2	3	1	1	1	3
58	1	24	0	3	1	6	2	7	2	2	0	0	1	1	1	0	0	1	0	0	0	0	0	1	0	0	0	0	0	0	0	0	0	0	0	0	1	1	1	0	0	1	1	0	0	1	0	0	0	0	0	0	1	0	0	1	1	0	0	1	1	1	0	1	1	0	0	0	0	0	0	0	0	0	0	0	0	0	0	0	0	0	0	0	0	0	0	0	0	1	20	1	3	3	1	3	3	3	1	1	3	3	3	27	1	1	1	1	1	1	3
59	1	22	0	2	0	4	2	8	2	0	2	1	1	1	1	1	1	1	0	0	0	1	0	1	1	1	0	0	0	0	1	0	0	1	0	1	1	1	1	0	0	1	1	1	1	0	0	0	0	0	0	0	0	1	1	0	1	0	0	0	1	1	1	1	1	0	0	0	0	0	0	0	0	0	0	0	0	0	0	0	0	0	0	0	0	0	0	0	0	0	29	0	3	3	3	3	2	1	1	1	2	2	1	22	2	2	1	1	1	1	3
60	0	22	0	1	1	5	2	5	2	0	0	0	1	1	0	1	1	0	1	0	0	0	0	1	0	0	0	0	0	0	0	1	0	1	0	0	0	0	0	0	0	1	1	1	1	1	0	0	0	0	0	1	0	1	1	1	1	0	0	0	0	0	0	1	1	0	0	0	0	0	0	0	0	0	0	0	0	0	0	0	0	0	0	0	0	0	0	0	0	2	22	2	1	2	1	1	1	3	3	2	3	2	2	21	2	3	2	3	2	2	2
61	0	22	0	3	1	6	2	4	1	1	0	1	0	0	0	0	0	0	0		0	0	1	0	0	0	0	0	0	1	0	0	0	0	1	0	1	0	0	0	0	0	1	0	0	0	1	0	0	0	0	0	0	1	0	0	1	0	0	1	0	1	0	1	0	0	0	0	0	0	0	0	0	0	0	0	0	0	0	0	0	0	0	0	0	0	0	0	0	0	12	0	2	3	2	2	3	3	1	2	2	1	3	24	1	3	1	1	2	1	3
62	1	21	1	1	0	3	2	6	2	0	0	1	0	0	0	1	0	0	0	0	1	0	1	0	1	1	1	1	1	0	0	1	0	0	0	0	1	1	0	0	0	1	1	0	0	0	0	0	0	0	0	0	0	1	1	0	1	0	0	0	0	0	1	0	0	0	0	0	0	0	0	0	0	0	0	0	0	0	0	0	0	0	0	0	0	0	0	0	0	0	18	0	3	3	3	3	3	1	1	1	3	2	1	24	3	1	1	1	1	1	1
63	0	28	1	2	0	2	2	4	2	1	0	0	1	1	0	1	0	0	0	0	0	0	1	1	0	1	0	0	0	0	0	0	0	0	0	0	0	0	0	0	0	1	0	0	0	0	0	0	0	0	0	0	0	0	0	0	0	0	0	0	0	0	0	1	0	0	0	0	0	0	0	0	0	0	0	0	0	0	0	0	0	0	0	0	0	0	0	0	0	0	8	0	2	2	2	2	2	2	1	1	2	2	2	20	1	1	1	1	1	1	1
64	1	26	0	2	0	2	1	8	1	0	0	0	0	0	0	0	0	0	0	0	0	0	1	0	0	0	0	0	0	0	0	0	0	0	0	0	0	0	0	0	0	0	0	0	0	0	0	0	0	0	0	0	0	0	0	0	0	0	0	0	0	0	0	0	0	0	0	0	0	0	0	0	0	0	0	0	0	0	0	0	0	0	0	0	0	0	0	0	0	0	1	2	1	1	1	1	1	1	1	1	1	1	1	11	1	1	1	1	1	1	1
65	1	24	0	1	0	5	1	8	0	0	0	0	1	1	0	1	1	0	0	0	0	0	1	1	1	0	1	0	0	0	0	1	0	0	0	0	0	0	0	0	1	1	0	0	0	0	0	0	0	0	0	0	0	1	0	0	1	0	0	0	0	0	1	1	1	0	0	0	0	0	0	0	0	0	0	0	0	0	0	0	0	0	0	0	0	0	0	0	0	0	16	0	3	3	1	3	1	3	1	1	3	2	2	23	3	3	1	1	2	1	3
66	0	21	0	1	0	3	1	7	1	1	0	1	1	1	1	1	1	1	1	0	0	0	1	1	1	0	1	1	0	0	1	1	1	1	1	1	1	1	1	1	0	1	1	1	1	1	1	1	1	1	1	1	1	1	0	1	1	0	1	1	1	1	1	1	0	0	1	0	0	1	0	0	0	0	0	0	0	0	0	0	0	0	1	0	0	0	0	0	0	2	49	0	3	3	2	3	3	1	2	1	3	3	2	26	1	3	2	1	1	1	3
67	1	23	0	3	0	1	1	5	1	0	0	0	1	1	1	1	1	0	0	0	0	0	0	0	0	0	0	0	0	0	0	0	0	0	0	0	0	0	0	0	0	1	0	0	0	0	0	0	0	0	0	0	1	0	0	0	1	0	0	0	0	0	0	1	0	0	0	0	0	0	0	0	0	0	0	0	0	0	0	0	0	0	0	0	0	0	0	0	0	0	9	1	3	3	2	3	3	1	1	1	3	3	3	26	2	1	1	1	1	1	3
68	1	27	0	2	0	5	1	8	1	2	0	1	1	1	1	1	1	1	0	0	0	0	0	1	0	0	0	0	0	0	0	0	0	0	0	0	1	1	1	0	0	1	1	0	0	0	0	1	0	0	0	0	1	1	1	0	1	0	0	1	1	0	1	1	0	0	0	0	0	0	0	0	0	0	0	0	0	0	0	0	0	0	0	0	0	0	0	0	0	0	22	2	3	3	3	3	3	3	1	1	3	2	3	28	1	2	2	1	1	1	1
69	1	22	0	3	0	3	1	7	1	1	0	1	1	1	1	1	1	0	0	0	0	0	1	0	0	0	0	0	0	0	0	0	0	0	0	0	0	0	0	0	0	1	0	0	0	0	0	0	0	0	0	0	0	0	0	0	1	0	0	0	0	0	1	1	0	0	0	0	0	0	0	0	0	0	0	0	0	0	0	0	0	0	0	0	0	0	0	0	0	0	11	1	3	2	2	3	3	3	1	1	3	3	3	27	2	2	1	1	1	1	2
70	0	23	0	2	0	4	1	7	1	0	1	1	1	1	1	0	0	0	0	0	0	0	0	1	1	0	0	0	0	0	0	0	0	1	1	0	1	0	0	0	0	1	0	0	0	0	0	0	0	0	0	0	0	0	0	0	1	1	0	0	1	0	0	1	1	0	0	0	0	0	0	0	0	0	0	0	0	0	0	0	0	0	0	0	0	0	0	0	0	0	15	1	2	2	1	2	1	2	1	1	2	3	2	19	2	3	1	2	3	3	1
71	1	20	0	2	0	5	1	7	1	1	0	1	1	1	1	1	1	0	0	0	0	0	1	1	0	0	0	0	0	0	0	1	0	0	0	1	0	0	0	0	0	0	1	0	1	0	0	0	0	0	0	0	1	1	0	0	1	0	0	0	1	1	1	1	0	0	0	0	0	0	0	0	0	0	0	0	0	0	0	0	0	0	0	0	0	0	0	0	0	0	19	2	1	1	1	2	2	2	1	2	3	3	3	21	1	2	1	1	1	1	2
72	1	20	1	2	1	4	1	7	1	1	0	0	1	1	1	1	1	0	0	0	1	1	1	1	1	0	1	1	1	0	1	1	1	0	0	0	1	1	0	0	0	1	1	0	0	0	0	0	1	0	0	0	1	1	0	0	1	0	0	1	0	1	1	1	1	0	0	0	0	0	0	0	0	0	0	0	0	0	0	0	0	0	0	0	0	0	0	0	0	2	31	2	1	1	2	2	1	2	1	1	3	3	3	20	1	3	1	1	1	1	3
73	1	32	0	2	0	3	1	9	1	0	0	0	0	1	0	1	1	0	0	0	0	0	0	1	0	0	0	0	0	0	0	0	0	1	0	0	0	0	0	0	0	0	0	0	0	0	0	0	0	0	0	0	0	1	0	0	1	0	0	0	0	0	1	1	0	0	0	0	0	0	0	0	0	0	0	0	0	0	0	0	0	0	0	0	0	0	0	0	0	0	9	0	3	3	2	3	2	1	1	1	3	2	3	24	3	2	1	1	1	1	3
74	0	23	0	1	2	5	1	9	0	1	0	1	1	0	1	0	0	0	0	0	0	0	1	1	1	1	1	0	1	0	0	0	0	1	0	0	0	0	0	0	0	1	0	0	0	0	0	0	0	0	0	0	0	1	1	1	1	0	0	0	0	0	0	1	1	0	0	0	0	0	0	0	0	0	0	0	0	0	0	0	0	0	0	0	0	0	0	0	0	0	17	0	1	1	1	2	2	1	1	1	3	3	2	18	2	3	3	2	2	2	1
75	0	22	0	1	0	4	1	6	1	1	1	1	0	0	0	1	0	0	0	0	0	0	1	1	1	0	1	0	1	1	0	1	0	0	0	0	0	0	0	0	1	0	1	0	0	0	0	0	0	0	0	0	0	0	0	0	0	0	0	0	0	0	0	0	0	0	0	0	0	0	0	0	0	0	0	0	0	0	0	0	0	0	0	0	0	0	0	0	0	0	11	2	1	1	1	1	1	1	1	3	1	1	3	15	1	2	1	1	1	1	1
76	1	21	0	2	0	5	1	8	0	1	0	1	1	1	0	1	1	0	0	0	0	0	0	0	0	0	0	0	0	0	0	0	0	0	0	0	0	0	0	0	0	0	0	0	0	0	0	0	0	0	0	0	0	0	0	0	0	0	0	1	1	0	1	1	1	0	0	0	0	0	0	0	0	0	0	0	0	0	0	0	0	0	0	0	0	0	0	0	0	0	10	1	3	3	1	3	1	1	1	1	1	1	3	19	1	1	1	1	1	1	1
77	1	26	0	1	1	2	0	5	1	1	0	0	0	0	0	0	0	0	0	0	0	1	1	1	0	0	0	0	0	0	0	0	0	0	0	0	0	0	0	0	0	0	0	0	0	0	0	0	0	0	0	0	0	1	0	0	1	1	0	1	0	0	0	1	0	0	0	0	0	0	0	0	0	0	0	0	0	0	0	0	0	0	0	0	0	0	0	0	0	1	9	0	3	3	3	3	3	1	1	1	3	3	3	27	1	1	1	1	1	1	3
78	1	26	0	3	1	5	0	9	0	2	0	1	1	0	1	0	0	1	0	0	0	1	1	1	1	1	1	1	1	1	1	1	1	0	1	0	1	1	1	0	0	1	1	0	0	0	0	1	0	0	0	0	1	1	1	1	1	1	1	1	1	1	1	0	0	0	0	0	0	0	0	0	0	0	0	0	0	0	0	0	0	0	0	0	0	0	0	0	0	0	34	2	2	3	2	3	1	1	1	1	3	3	3	23	3	3	1	1	1	1	3
79	0	18	0	1	1	4	0	4	1	1	0	1	1	1	1	1	0	0	0	0	1	0	0	1	1	0	1	1	1	0	0	1	0	1	1	0	0	0	0	0	0	1	0	0	0	0	0	0	0	0	0	0	0	0	0	0	1	0	0	1	1	1	0	1	0	0	0	0	0	0	0	0	0	0	0	0	0	0	0	0	0	0	0	0	0	0	0	0	0	0	20	2	3	3	3	3	3	1	2	1	3	3	3	28	3	1	1	1	3	1	1
80	1	22	0	3	1	6	0	7	1	2	0	0	1	0	0	0	0	0	0	0	1	1	1	1	1	1	1	0	0	0	0	0	0	1	1	1	0	0	0	0	1	0	0	0	0	0	0	0	0	0	0	0	0	1	1	0	1	0	1	0	0	0	0	0	0	0	0	0	0	0	0	0	0	0	0	0	0	0	0	0	0	0	0	0	0	0	0	0	0	0	16	0	2	1	2	2	1	1	1	2	3	2	3	20	3	3	1	1	1	1	2
81	1	23	0	3	1	3	0	6	1	1	0	1	0	1	1	0	1	1	0	0	0	1	1	1	1	1	1	0	0	1	1	0	1	0	1	1	0	0	1	1	0	1	1	0	0	1	0	1	0	0	0	0	0	1	1	1	1	1	1	1	0	1	0	1	1	0	0	0	0	0	1	0	0	0	0	0	0	0	0	0	1	0	0	0	0	0	0	0	0	1	35	2	3	2	2	3	3	1	1	1	3	3	3	25	2	3	3	1	2	1	3
82	1	22	0	2	0	5	0	8	0	1	0	0	1	0	1	0	0	0	0	0	1	1	1	1	1	0	1	1	0	0	0	0	1	1	0	0	1	1	0	1	0	1	1	0	0	0	0	0	0	0	0	0	0	0	0	0	0	0	0	1	0	0	1	0	0	0	0	0	0	0	0	0	0	0	0	0	0	0	0	0	0	0	0	0	0	0	0	0	0	1	19	1	3	3	1	3	1	1	1	1	3	3	3	23	3	3	1	2	2	1	3
83	1	29	0	2	1	4	0	5	1	1	1	0	0	1	1	0	1	0	0	0	0	0	0	0	1	0	1	0	0	0	0	0	0	0	0	0	0	0	0	0	1	0	0	0	0	0	0	0	0	0	0	0	0	0	0	0	1	0	0	0	0	1	0	1	0	0	0	0	0	0	0	0	0	0	0	0	0	0	0	0	0	0	0	0	0	0	0	0	0	0	9	0	3	2	3	3	2	2	1	1	3	3	3	26	2	3	1	1	1	1	3
84	1	21	0	2	0	5	0	7	0	0	0	0	1	1	1	1	1	0	0	0	0	0	1	1	1	0	0	0	0	0	0	0	0	0	0	0	0	0	0	0	0	1	0	0	0	0	0	0	0	0	0	0	0	1	0	0	0	0	0	0	0	0	1	1	0	0	0	0	0	0	0	0	0	0	0	0	0	0	0	0	0	0	0	0	0	0	0	0	0	0	12	0	2	2	2	2	2	2	1	1	3	1	1	19	2	3	1	1	1	1	2
85	1	24	0	3	1	1	0	7	0	2	0	1	1	0	1	0	0	0	0	0	1	1	1	1	1	1	1	1	1	0	1	1	0	1	1	0	1	1	1	0	0	1	1	1	1	1	1	1	0	0	0	0	0	1	1	1	1	1	1	1	1	1	1	1	1	0	0	1	0	0	0	1	0	0	0	0	0	0	0	0	0	0	0	0	0	0	0	0	0	6	46	2	3	3	3	3	3	1	2	1	3	3	3	28	3	3	1	1	1	1	2
86	1	20	0	3	0	4	0	7	1	0	0	1	1	1	1	1	1	0	0	0	0	0	1	1	1	1	1	0	0	0	0	0	0	0	0	1	0	0	0	0	0	1	0	0	0	0	0	0	1	0	0	0	1	1	1	0	1	0	0	0	0	0	1	1	0	0	0	0	0	0	0	0	0	0	0	0	0	0	0	0	0	0	0	0	0	0	0	0	0	0	20	2	3	2	1	2	3	1	1	1	3	2	3	22	3	2	1	1	1	1	3
87	1	24	0	1	0	5	1	10	0	0	0	1	1	1	1	1	1	0	0	0	0	0	1	0	1	0	0	0	0	0	0	0	0	0	0	1	0	0	0	0	0	1	1	1	1	1	0	0	0	0	0	1	1	1	1	0	1	0	0	0	0	0	1	1	1	0	0	0	0	0	0	0	0	0	0	0	0	0	0	0	0	0	0	0	0	0	0	0	0	0	22	0	3	3	3	3	3	1	1	1	2	1	2	23	2	3	1	1	1	1	3
88	1	23	1	3	2	6	0	7	2	2	2	0	1	1	1	1	1	0	0	0	0	0	1	1	1	0	1	1	0	0	0	0	0	0	0	1	0	0	1	1	0	1	1	0	0	0	0	0	0	0	0	0	0	1	1	0	1	0	1	1	0	0	1	1	0	0	0	0	0	0	0	0	0	0	0	0	0	0	0	0	0	0	0	0	0	0	0	0	0	0	22	1	3	3	3	3	3	2	1	3	3	3	3	30	3	1	1	1	1	1	3
89	1	21	0	2	0	5	0	7	1	0	0	1	1	0	1	1	0	0	0	0	0	0	1	0	0	0	1	0	0	0	0	1	0	1	0	0	0	0	0	0	0	1	0	0	0	0	0	0	0	0	0	0	0	1	1	0	1	0	0	0	1	0	1	0	0	1	0	0	0	0	0	0	0	0	0	0	0	0	0	0	0	0	0	0	0	0	0	0	0	0	15	0	3	3	2	3	1	2	1	1	3	2	2	23	3	3	1	2	2	1	1
90	1	28	0	4	2	5	0	6	1	2	1	0	1	1	1	1	0	1	0	1	0	0	1	0	0	0	1	1	0	0	0	0	0	0	0	0	1	1	0	0	0	0	1	0	0	0	0	1	0	0	0	0	1	0	0	0	1	1	1	1	0	0	1	1	0	1	0	0	0	0	0	0	0	0	0	0	0	0	0	0	1	0	0	0	0	0	0	0	0	2	24	1	3	3	2	2	2	1	2	1	3	3	3	25	1	2	1	1	1	1	2
91	1	22	0	4	2	5	0	8	1	1	0	1	0	0	0	0	0	0	0	0	0	0	0	1	1	0	1	0	0	0	0	0	0	0	0	0	0	0	0	0	0	0	0	0	0	0	0	0	0	0	0	0	0	0	0	1	1	0	0	0	0	0	0	0	0	0	0	0	0	0	0	0	0	0	0	0	0	0	0	0	0	0	0	0	0	0	0	0	0	0	6	1	3	3	2	2	1	1	1	2	2	3	3	23	1	1	1	1	2	2	1
92	1	22	0	2	0	2	0	6	0	1	0	0	1	1	0	1	1	0	0	0	0	0	0	0	0	0	0	0	0	0	0	0	0	0	0	0	0	0	0	0	0	1	0	0	0	0	0	0	0	0	0	0	0	0	0	0	0	0	0	0	0	0	1	1	1	0	0	0	0	0	0	0	0	0	0	0	0	0	0	0	0	0	0	0	0	0	0	0	0	0	8	0	3	3	1	3	3	2	1	1	3	1	1	22	3	1	1	1	1	1	2
93	1	24	0	2	2	6	0	4	1	2	2	1	0	1	1	1	1	0	0	1	0	0	0	1	0	0	1	1	0	0	0	0	0	0	0	0	1	1	1	0	0	1	1	0	0	1	0	0	0	0	0	0	0	0	0	0	1	0	1	1	1	1	0	1	0	0	0	0	0	0	0	0	0	0	0	0	0	0	0	0	0	0	0	0	0	0	0	0	0	2	23	2	2	2	2	2	2	1	1	1	3	3	3	22	2	1	1	1	1	1	3
94	0	55	0	2	0	5	0	8	1	0	0	1	1	1	0	1	1	0	0	0	0	0	0	1	0	0	0	0	0	0	0	0	0	0	0	1	0	0	0	0	1	1	1	1	1	1	1	0	0	0	0	0	1	0	0	0	1	0	0	0	1	0	1	1	1	0	0	0	0	0	0	0	0	0	0	0	0	0	0	0	0	0	0	0	0	0	0	0	0	0	20	0	2	2	2	3	1	3	1	2	3	3	3	25	2	2	1	1	1	1	3
95	0	21	1	5	2	6	0	5	2	2	2	1	1	1	1	1	1	1	0	0	1	1	1	1	1	1	1	1	1	1	0	1	0	0	1	1	0	0	0	0	0	1	1	0	0	1	1	1	0	0	0	0	1	1	1	1	1	0	0	0	1	1	1	1	0	0	0	0	0	0	0	0	0	1	1	1	1	0	0	0	0	0	0	0	0	0	0	0	0	10	48	2	3	3	3	3	1	1	1	2	3	3	3	26	3	1	1	1	1	1	3
96	1	22	0	2	0	4	0	4	1	1	0	0	1	1	0	0	0	0	0	0	0	0	0	0	0	0	0	0	0	0	0	0	0	0	0	0	0	0	0	0	0	1	1	0	0	0	0	0	0	0	0	0	0	0	0	0	0	0	0	0	0	0	0	0	0	0	0	0	0	0	0	0	0	0	0	0	0	0	0	0	0	0	0	0	0	0	0	0	0	0	4	1	2	2	2	2	2	2	2	2	2	2	3	23	1	1	1	1	1	1	2
97	1	21	0	3	2	6	0	5	2	2	1	1	1	1	1	1	1	1	1	1	0	0	0	0	1	0	1	1	0	1	1	1	0	0	0	0	1	1	1	0	0	1	1	1	1	1	1	1	1	1	1	1	1	1	1	1	1	0	1	1	1	1	1	1	1	0	0	0	0	0	0	0	0	0	0	0	0	0	0	1	0	0	0	0	0	0	0	0	0	3	45	2	3	3	1	3	1	1	1	1	3	3	3	23	3	1	1	1	1	1	3
98	0	22	0	1	0	2	0	5	1	0	0	1	0	1	1	0	0	0	0	0	0	0	0	0	0	0	0	0	0	0	0	0	0	1	0	0	0	0	0	0	0	1	0	0	0	0	0	1	1	0	0	0	0	0	0	0	1	0	0	0	0	1	1	1	0	0	0	0	0	0	0	0	0	0	0	0	0	0	0	0	0	0	0	0	0	0	0	0	0	3	14	0	1	1	1	1	1	1	1	1	2	3	3	16	1	2	1	1	1	1	2
99	0	23	0	2	1	6	0	6	1	2	1	1	1	1	1	1	1	0	1	0	1	1	1	1	1	1	1	1	1	1	0	1	1	1	1	0	1	1	1	1	1	1	1	0	1	0	0	0	0	0	0	0	1	1	1	1	1	1	1	1	1	1	1	1	1	0	0	0	0	0	0	0	0	0	0	0	0	0	0	0	0	0	0	0	0	0	0	0	0	0	42	2	3	2	2	3	1	1	1	2	3	3	3	24	1	1	1	1	1	1	2
100	1	29	0	3	0	3	0	7	1	1	0	1	1	1	1	1	1	0	0	0	1	0	1	1	1	0	1	0	1	0	0	1	0	0	0	1	0	0	0	0	0	1	1	0	0	0	0	0	0	0	0	0	0	1	1	0	1	0	0	0	0	1	0	1	0	0	1	0	1	0	0	0	0	0	0	0	0	0	0	0	0	0	0	0	0	0	0	0	0	3	26	2	3	3	3	3	3	2	1	2	3	2	3	28	2	2	1	1	1	1	3
101	1	27	0	3	2	6	0	9	1	2	0	1	1	1	1	1	1	1	0	1	1	1	1	1	1	1	1	0	0	0	1	1	1	1	1	1	1	1	1	1	1	1	0	0	0	0	0	1	0	0	0	0	1	1	1	0	1	1	0	0	1	1	1	1	0	0	0	0	0	0	0	0	0	0	0	0	0	0	0	0	0	0	0	0	0	0	0	0	0	3	40	2	3	3	3	3	2	1	1	2	3	2	3	26	1	1	1	1	1	1	1
102	0	27	1	3	0	0	0	6	1	0	0	0	1	0	0	0	0	1	0	0	1	0	0	1	1	0	1	0	1	0	0	1	0	1	0	0	1	1	1	1	0	1	1	1	0	1	1	0	0	0	0	0	1	1	0	1	1	1	0	1	1	1	1	1	1	0	0	0	0	0	0	0	0	0	0	0	0	0	0	0	0	0	0	0	0	0	0	0	0	1	30	0	3	3	3	3	2	2	1	1	2	3	3	26	3	2	2	1	1	1	1
103	1	29	0	2	0	5	3	9	1	0	0	1	1	1	1	1	1	1	1	1	0	0	1	1	1	0	1	0	0	1	0	1	1	1	1	1	1	1	1	0	1	1	1	1	1	1	1	0	0	0	0	1	1	1	1	1	1	1	0	1	1	1	1	1	1	0	0	0	0	0	0	0	0	0	0	0	0	0	0	0	0	0	0	0	0	0	0	0	0	0	42	2	3	3	1	1	1	2	1	1	3	3	3	22	3	3	3	2	2	2	1
104	0	28	0	3	0	4	3	9	2	1	1	0	0	1	0	1	1	0	0	0	0	0	1	0	0	0	0	0	0		0	0	0	0	0	0	0	0	0	0	0	0	0	0	0	0	1	0	0	0	0	0	0	1	0	0	0	1	0	0	1	0	0	1	0	0	0	0	0	0	0	0	0	0	0	0	0	0	0	0	0	0	0	0	0	0	0	0	0	2	11	0	3	3	3	2	1	2	1	1	3	3	3	25	3	3	1	1	2	3	3
105	0	24	1	3	2	5	3	10	2	2	1	1	0	1	1	0	0	1	0	0	1	0	0	0	0	1	1	0	1	0	0	1	0	1	0	1	1	1	1	1	0	0	0	0	0	1	0	0	0	0	0	0	1	0	0	1	1	0	0	0	1	1	1	1	1	0	0	0	0	0	0	0	0	0	0	0	0	0	0	0	0	0	0	0	0	0	0	0	0	1	25	2	3	3	2	3	3	1	1	1	3	3	3	26	1	2	2	1	1	1	2
106	0	24	0	3	1	5	3	10	2	2	1	1	1	1	1	0	1	1	0	0	0	1	1	0	1	0	1	0	1	0	0	0	1	1	0	1	1	1	1	0	1	1	1	1	0	1	0	0	0	0	0	0	1	1	0	1	1	0	0	1	1	1	1	1	1	1	0	0	0	0	0	0	0	0	0	0	0	0	0	0	0	0	0	0	0	0	0	0	0	1	34	2	3	3	2	3	3	3	1	1	3	3	3	28	3	3	1	1	2	1	3
107	0	23	0	3	1	6	3	10	2	2	1	1	1	1	1	1	1	1	1	0	0	1	1	1	1	1	1	0	0	0	0	1	1	1	1	1	1	1	1	0	0	1	1	1	1	1	0	1	0	0	0	0	1	1	1	1	1	0	0	0	1	0	1	1	1	0	0	0	0	0	0	0	0	0	0	0	0	0	0	0	0	0	0	0	0	0	0	0	0	0	37	0	3	3	2	3	3	3	3	3	3	3	3	32	3	1	1	1	1	1	3
108	0	25	0	2	2	5	3	10	2	2	2	1	1	1	1	1	0	1	0	0	1	1	0	1	1	0	1	1	1	0	1	0	1	0	0	0	1	1	0	1	0	1	1	1	1	1	1	0	0	0	0	1	0	1	0	0	1	0	0	0	1	0	1	1	1	0	0	0	0	0	0	0	0	0	0	0	0	0	0	0	0	0	0	0	0	0	0	0	0	1	32	2	3	3	3	3	3	3	1	1	3	3	3	29	2	2	1	1	1	1	3
109	0	23	0	2	1	4	3	10	2	0	1	1	1	1	1	1	1	0	0	0	0	0	0	0	0	1	1	1	0	0	0	1	0	1	0	1	1	1	1	0	0	0	1	1	1	1	1	0	1	0	0	1	1	1	1	0	1	0	0	1	0	1	1	1	1	0	1	0	0	0	0	0	0	0	0	0	0	0	0	0	0	0	0	0	0	0	0	0	0	0	32	0	2	2	1	2	2	2	2	2	2	2	2	21	1	1	1	1	1	1	3
110	0	26	0	3	1	5	3	10	2	2	2	1	1	1	0	1	1	1	1	0	0	1	1	1	1	0	1	0	1	0	0	1	1	1	0	1	1	0	0	0	0	1	1	1	1	1	1	0	0	0	0	0	1	1	1	1	1	0	0	1	1	1	1	1	1	0	0	0	0	0	0	0	0	0	0	0	0	0	0	0	0	0	0	0	0	0	0	0	0	0	35	0	2	3	1	3	2	1	1	1	3	3	3	23	2	2	1	1	1	1	2
111	0	26	1	4	0	5	3	10	1	0	1	1	1	1	1	1	0	0	0	0	0	0	1	1	1	0	0	0	0	0	0	0	0	1	0	1	1	0	0	0	0	1	1	0	0	0	0	0	0	0	0	0	1	1	0	0	1	0	0	0	0	0	1	1	1	0	0	0	0	0	0	0	0	0	0	0	0	0	0	0	0	0	0	0	0	0	0	0	0	0	19	0	2	3	1	2	1	2	1	1	3	3	3	22	2	2	1	1	2	1	3
112	0	23	0	2	2	6	3	10	2	2	1	1	0	0	1	1	0	0	0	0	1	0	1	1	1	0	1	0	0	0	0	0	0	1	0	0	0	0	0	1	0	0	0	0	0	0	0	0	0	0	0	0	0	0	0	0	1	1	0	0	1	0	1	1	0	0	0	0	0	0	0	0	0	0	0	0	0	0	0	0	0	0	0	0	0	0	0	0	0	0	15	2	2	2	2	2	1	1	1	1	3	3	3	21	1	3	2	1	1	1	2
113	1	19	1	3	2	6	0	6	1	2	2	1	1	1	1	1	1	1	1	1	0	0	1	1	1	1	1	1	1	1	1	1	1	1	1	1	1	1	1	1	1	1	1	1	1	1	1	1	1	1	0	0	1	1	1	1	1	1	1	1	1	1	1	1	0	0	0	0	0	0	0	0	0	0	0	0	0	0	0	0	0	0	0	0	0	0	0	0	0	0	49	2	3	3	3	3	2	2	1	1	3	3	3	27	2	2	1	1	1	1	3
114	0	25	0	3	0	1	0	8	1	0	0	1	1	1	1	1	1	1	0	0	0	0	0	0	1	0	0	0	1	0	0	0	0	1	0	0	0	0	0	0	0	1	1	0	0	0	0	0	0	0	0	0	0	1	0	0	1	0	0	1	1	0	0	1	1	0	0	0	0	0	0	0	0	0	0	0	0	0	0	0	0	0	0	0	0	0	0	0	0	1	19	0	2	2	1	1	1	1	1	1	3	2	2	17	3	1	2	3	3	3	1
115	0	25	0	2	0	5	0	8	1	1	0	0	1	1	1	0	0	0	0	0	0	0	1	1	1	0	0	0	0	0	0	0	0	0	0	0	0	0	0	0	0	1	1	0	0	0	0	0	0	0	0	0	0	0	0	0	1	0	0	0	0	1	0	1	0	0	0	0	0	0	0	0	0	0	0	0	0	0	0	0	0	0	0	0	0	0	0	0	0	0	11	0	2	3	2	2	2	1	1	1	3	3	3	23	3	3	1	1	1	1	3
116	1	21	0	2	2	6	0	7	1	2	1	1	1	1	1	1	1	1	1	0	0	1	1	1	1	0	0	0	0	1	0	1	1	0	1	1	1	0	1	1	0	1	1	1	0	1	1	1	0	0	0	1	1	1	1	1	1	0	1	1	1	1	1	1	0	0	0	0	0	0	0	0	0	0	0	0	0	0	0	0	0	0	0	0	0	0	0	0	0	0	38	2	3	3	3	2	2	1	1	1	3	3	3	25	3	3	2	1	1	1	3
117	1	40	1	3	2	6	0	7	0	1	0	1	1	1	1	1	1	0	1	0	1	0	1	1	1	0	1	0	0	1	0	1	1	0	1	1	1	0	0	0	0	1	0	0	0	0	0	1	0	0	0	0	1	1	0	0	1	0	0	0	0	1	0	1	0	1	0	0	0	0	0	0	0	0	0	0	0	0	0	0	0	0	0	0	0	0	0	0	0	0	26	0	3	3	3	3	1	2	1	1	3	3	3	26	1	1	1	1	1	1	1
118	1	25	0	3	0	4	1	7	0	1	0	0	0	1	0	0	1	0	0	0	0	0	0	0	0	0	0	0	0	0	0	1	1	0	0	1	0	0	0	0	0	1	1	0	1	0	0	0	0	0	0	0	1	0	0	0	0	0	0	0	1	1	0	0	0	0	0	0	0	0	0	0	0	0	0	0	0	0	0	0	0	0	0	0	0	0	0	0	0	0	11	0	3	3	3	2	1	1	2	1	3	3	3	25	2	1	1	1	3	2	2
119	1	21	0	2	1	4	0	6	1	2	0	1	1	1	1	1	1	0	0	0	0	1	1	1	1	0	1	1	0	0	0	0	1	1	0	0	0	0	0	0	1	1	1	1	1	1	1	1	1	0	1	1	1	0	0	0	1	0	0	1	1	0	1	1	1	0	0	0	0	0	0	0	0	0	0	0	0	0	0	0	0	0	0	0	0	0	0	0	0	8	40	0	2	3	2	3	2	3	1	1	3	1	3	24	1	1	1	1	1	1	3
120	1	22	1	4	1	3	0	8	2	2	1	0	1	1	1	1	1	0	0	0	1	0	1	1	1	0	1	1	0	0	1	0	1	1	1	1	1	1	1	1	0	1	1	1	1	1	1	1	0	0	0	1	1	1	1	0	1	1	1	1	1	1	1	1	1	0	1	0	0	0	0	0	1	0	0	0	0	0	0	0	0	0	0	0	1	0	0	0	0	6	49	2	3	3	3	3	3	3	1	1	3	3	3	29	2	2	1	1	1	1	3
121	1	25	0	3	1	6	0	8	0	2	0	0	0	0	0	0	1	0	1	0	0	0	0	1	1	0	1	1	0	0	0	1	0	0	1	0	0	0	0	0	0	0	0	0	0	0	0	0	0	0	0	0	0	1	1	0	1	0	0	0	0	0	1	0	0	0	0	0	0	0	0	0	0	0	0	0	0	0	0	0	0	0	0	0	0	0	0	0	0	0	12	2	3	3	3	3	3	3	1	1	3	3	3	29	3	1	1	1	2	1	2
122	1	24	1	4	2	6	0	10	1	2	0	1	1	1	1	1	1	1	0	1	1	1	1	1	1	1	1	0	0	0	0	1	1	0	1	1	1	1	0	1	0	1	1	1	1	1	1	1	1	1	0	1	1	1	1	1	1	0	1	1	1	1	1	1	1	0	0	0	0	0	0	0	0	0	0	0	0	0	0	0	0	0	0	0	0	0	0	0	0	2	46	2	2	3	2	3	1	1	2	2	3	3	3	25	3	3	3	1	3	1	3
123	0	22	0	2	1	3	0	7	1	2	1	1	0	1	1	1	1	0	1	0	0	1	1	1	1	0	1	0	0	1	0	1	0	1	1	1	0	1	0	0	0	1	1	1	1	1	1	0	0	0	0	0	0	1	1	0	0	0	1	1	0	1	0	1	0	0	0	0	0	0	0	0	0	0	0	0	0	0	0	0	0	0	0	0	0	0	0	0	0	0	29	0	3	3	3	3	3	2	1	1	3	1	2	25	2	1	1	1	1	1	2
124	0	23	0	3	6	0	7	7	1	1	0	1	0	1	1	1	1	0	0	0	0	0	0	0	0	0	1	1	1	1	0	1	0	1	0	0	1	1	1	0	0	1	1	1	1	0	0	0	0	0	0	0	0	1	1	0	1	1	0	1	1	0	0	1	0	0	0	0	0	0	0	0	0	0	0	0	0	0	0	0	0	0	0	0	0	0	0	0	0	0	25	2	3	3	2	3	1	1	1	1	3	3	3	24	2	2	1	1	1	1	3
125	0	21	0	2	1	2	0	6	1	1	0	0	0	1	1	1	1	1	1	0	0	0	1	1	1	1	0	1	0	1	0	0	0	1	0	0	1	0	0	1	0	1	0	0	0	0	0	0	0	0	0	0	0	1	1	1	1	0	0	0	1	0	1	1	0	0	0	0	0	0	0	0	0	0	0	0	0	0	0	0	0	0	0	0	0	0	0	0	0	0	23	0	3	2	1	2	3	2	1	1	3	2	2	22	2	2	1	1	2	1	3
126	1	24	0	2	0	5	0	8	1	0	0	0	0	0	0	0	0	0	0	0	0	0	1	1	1	0	0	0	0	0	0	0	0	0	0	0	0	0	0	0	0	0	0	0	0	0	0	0	0	0	0	0	0	1	1	0	0	0	0	0	0	0	0	1	0	0	0	0	0	0	0	0	0	0	0	0	0	0	0	0	0	0	0	0	0	0	0	0	0	0	6	2	3	1	1	3	2	1	1	1	3	1	3	20	2	1	1	1	1	1	1
127	0	29	0	4	0	3	3	7	2	1	1	0	0	1	1	1	0	0	0	0	0	0	0	0	0	0	0	0	0	0	0	0	0	0	0	0	0	0	0	0	0	0	1	0	0	0	0	0	0	0	0	0	0	0	0	0	1	0	0	0	0	0	0	1	1	0	0	0	0	0	0	0	0	0	0	0	0	0	0	0	0	0	0	0	0	0	0	0	0	0	7	0	3	3	3	2	1	3	3	2	2	3	3	28	2	1	1	1	1	1	3
128	1	27	0	3	0	5	3	8	2	0	1	1	1	1	1	1	1	0	0	0	0	1	1	1	1	0	1	0	1	0	0	0	1	1	1	1	0	0	0	0	1	1	1	1	1	1	0	0	0	0	0	1	1	1	1	0	1	1	0	0	1	1	1	1	1	0	0	0	0	0	0	0	0	0	0	0	0	0	0	0	0	0	0	0	0	0	0	0	0	0	33	0	3	3	1	3	3	1	1	1	1	1	3	21	3	3	3	1	1	1	3
129	1	24	0	3	0	5	3	8	2	0	1	1	1	1	1	1	1	0	0	0	0	1	1	1	1	0	0	0	0	0	0	1	1	0	1	1	0	0	0	0	0	1	0	0	0	0	0	1	0	0	0	0	0	1	0	0	0	0	0	0	0	0	0	1	0	0	0	0	0	0	0	0	0	0	0	0	0	0	0	0	0	0	0	0	0	0	0	0	0	0	18	0	2	2	2	2	2	1	1	1	3	3	3	22	1	2	1	1	1	1	3
130	1	22	0	2	0	3	3	8	2	0	1	1	1	1	1	1	1	0	1	0	0	0	1	1	1	0	1	0	0	0	0	0	0	0	0	0	0	0	0	0	0	0	0	0	0	0	0	0	0	0	0	0	0	0	0	0	1	0	0	0	0	1	0	1	0	0	0	0	0	0	0	0	0	0	0	0	0	0	0	0	0	0	0	0	0	0	0	0	0	0	14	1	3	3	3	3	3	3	1	3	3	3	3	31	1	1	1	1	1	1	3
131	1	23	1	2	1	5	3	8	2	2	2	0	0	1	1	1	1	1	1	1	1	1	1	1	1	1	1	1	1	1	1	1	1	1	1	1	0	0	0	1	1	1	1	1	1	1	1	1	1	1	1	1	1	1	1	1	1	1	1	1	1	1	1	1	1	0	0	0	0	0	0	0	0	0	0	0	0	0	0	0	0	0	0	0	0	0	0	0	0	0	49	2	3	3	1	3	3	2	1	1	3	3	3	26	2	2	2	1	1	1	3
132	0	25	0	3	0	3	3	7	2	0	1	1	1	1	1	1	1	0	0	0	0	0	1	0	0	0	0	0	0	0	0	0	0	0	0	0	0	0	0	0	1	1	1	0	0	0	0	0	0	0	0	0	1	0	0	1	1	1	0	0	0	0	0	1	0	0	0	0	0	0	0	0	0	0	0	0	0	0	0	0	0	0	0	0	0	0	0	0	0	0	15	2	2	2	2	2	1	1	1	1	2	2	2	18	2	1	2	1	1	1	1
133	1	23	0	1	0	4	3	8	2	0	2	0	1	1	1	1	1	0	1	0	0	1	1	1	0	0	1	0	0	0	0	1	1	0	0	1	0	0	0	0	0	1	1	1	1	1	1	0	0	0	0	1	1	0	0	0	1	0	0	1	0	0	1	1	1	0	0	0	0	0	0	0	0	0	0	0	0	0	0	0	0	0	0	0	0	0	0	0	0	1	27	0	3	3	1	2	3	1	2	1	3	3	2	24	3	3	1	1	2	1	3
134	0	27	0	1	1	5	3	8	2	0	1	1	1	1	1	1	1	1	0	0	1	1	0	1	1	0	1	0	1	0	0	0	1	1	0	0	0	0	0	0	1	1	1	1	1	1	1	1	1	0	0	1	1	1	1	1	1	1	0	1	1	1	1	1	1	0	0	0	0	0	0	0	0	0	0	0	0	0	0	0	0	0	0	0	0	0	0	0	0	0	37	2	3	3	3	3	3	3	3	3	3	3	3	33	3	1	1	1	2	3	3
135	0	23	0	2	1	4	3	8	2	1	1	1	1	1	1	1	1	1	1	1	0	1	1	1	0	0	0	0	0	0	0	0	0	1	1	0	0	0	0	0	0	0	0	0	0	0	0	0	0	0	0	0	0	0	0	0	0	0	0	0	0	0	0	0	0	0	0	0	0	0	0	0	0	0	0	0	0	0	0	0	0	0	0	0	0	0	0	0	0	0	14	0	2	2	2	2	2	2	2	2	2	2	2	22	3	2	1	3	3	3	3
136	1	23	0	4	2	5	3	7	2	2	2	1	1	1	1	1	1	1	1	0	1	1	1	1	1	1	1	1	1	1	1	1	1	1	1	1	1	1	1	1	1	1	1	1	1	1	1	1	1	1	1	1	1	1	1	1	1	1	1	1	1	1	1	1	1	0	0	0	0	0	0	0	0	0	0	1	0	0	0	1	0	0	0	0	0	0	0	0	0	1	56	2	3	3	3	3	2	2	2	1	3	3	3	28	3	3	2	1	2	2	3
137	1	21	0	3	2	5	0	7	1	2	0	0	0	0	0	0	0	0	0	0	0	1	1	1	1	1	1	1	0	0	0	1	0	1	0	1	0	0	0	0	0	0	0	0	0	0	0	0	0	0	0	0	0	1	1	0	1	0	0	0	0	0	0	0	0	0	0	0	0	0	0	1	0	0	0	0	0	0	0	0	0	0	0	0	0	0	0	0	0	0	14	2	2	2	2	3	2	2	1	1	3	3	3	24	2	3	2	1	1	1	1
138	1	23	0	3	2	6	0	8	2	2	2	1	1	1	1	1	1	1	1	0	0	1	0	0	1	0	1	1	0	0	0	1	0	0	1	1	1	1	1	1	0	1	0	0	0	1	1	1	0	0	0	0	1	1	0	1	1	0	1	1	1	1	1	1	0	1	0	0	0	0	0	0	0	0	0	0	0	0	0	0	0	0	0	0	0	0	0	0	0	1	35	0	3	2	2	3	2	1	1	1	3	3	3	24	1	1	1	1	1	1	3
139	0	35	1	3	2	6	0	8	1	2	2	0	0	0	0	0	0	0	0	0	0	0	0	0	0	0	0	0	0	0	0	0	0	1	0	0	1	1	1	0	0	0	0	0	0	0	0	0	0	0	0	0	0	0	0	0	1	0	0	0	1	0	0	0	0	0	0	0	0	0	0	0	0	0	0	0	0	0	0	0	0	0	0	0	0	0	0	0	0	2	8	2	2	2	2	2	1	2	1	1	2	1	2	18	1	1	1	1	1	1	1
140	1	29	0	3	0	2	0	6	1	2	0	0	0	1	1	1	1	0	1	0	0	1	1	1	1	1	1	0	0	0	1	0	0	0	1	1	1	1	0	0	1	1	1	0	0	0	0	0	0	0	0	0	0	1	1	0	1	0	0	1	0	1	1	1	0	0	0	0	0	0	0	0	0	0	0	0	0	0	0	0	0	0	0	0	0	0	0	0	0	0	26	0	3	3	2	3	3	1	1	1	3	3	3	26	2	3	1	1	2	2	3
141	1	19	1	4	1	1	1	5	0	1	0	0	1	1	1	1	1	0	1	0	0	0	0	1	0	0	0	0	0	0	0	0	0	0	0	0	0	0	0	1	0	1	0	0	0	0	0	0	0	0	0	0	0	0	0	0	1	0	0	0	0	0	1	0	0	0	1	0	0	0	0	0	0	0	0	0	0	0	0	0	0	0	0	0	0	0	0	0	0	0	12	0	3	3	3	3	2	2	1	1	1	3	3	25	1	1	3	1	1	1	1
142	1	35	0	3	0	2	1	8	2	2	0	1	1	1	1	1	1	1	1	0	1	1	1	1	1	0	1	1	1	0	1	1	1	1	1	1	1	1	0	0	1	1	1	1	1	1	1	0	1	0	0	1	1	1	1	1	1	1	0	1	1	1	1	1	1	0	0	0	0	0	0	0	0	0	0	0	0	0	0	0	0	0	0	0	0	0	0	0	0	0	45	2	3	3	3	3	3	3	3	3	3	3	3	33	1	1	1	1	1	1	3
143	0	20	0	3	1	3	0	6	2	2	2	1	1	1	1	1	1	1	1	0	1	1	1	1	1	1	1	1	1	1	0	1	1	1	1	1	1	1	1	1	1	1	1	1	1	1	1	0	0	0	0	0	1	1	1	1	1	1	1	1	1	1	0	1	1	0	0	0	0	0	0	0	0	0	0	0	0	0	0	0	0	0	0	0	0	0	0	0	0	1	47	2	2	2	2	2	2	1	1	2	3	3	3	23	3	3	3	1	1	1	2
144	1	36	0	4	0	5	1	10	1	1	0	1	1	1	1	1	1	1	1	0	0	1	1	1	1	0	1	0	1	0	1	0	1	1	0	1	0	0	1	0	0	0	0	0	0	0	0	0	0	0	0	0	0	1	1	1	1	0	1	0	1	0	1	1	1	0	0	0	0	0	0	0	0	0	0	0	0	0	0	0	0	0	0	0	0	0	0	0	0	0	28	0	3	1	3	3	3	1	2	1	3	3	3	26	2	1	1	1	1	1	2
145	1	28	0	2	0	5	1	8	0	0	0	1	0	1	0	0	1	0	0	0	0	0	1	0	0	0	0	0	0	0	0	0	0	0	0	0	0	0	0	0	0	1	0	0	0	0	0	0	0	0	0	0	0	0	0	0	1	0	0	0	0	0	0	0	0	0	0	0	0	0	0	0	0	0	0	0	0	0	0	0	0	0	0	0	0	0	0	0	0	0	6	0	3	3	3	3	3	1	1	1	3	3	3	27	1	1	1	1	1	1	3
146	1	27	0	3	2	6	1	6	0	2	1	1	1	1	1	1	1	0	0	0	0	0	1	1	1	1	1	1	0	0	0	1	0	0	1	0	0	1	1	0	1	1	1	1	1	1	1	1	0	0	0	1	1	1	1	1	1	1	1	1	1	1	1	1	1	0	0	0	0	0	0	0	0	0	0	0	0	0	0	0	0	0	0	0	0	1	0	0	0	3	42	2	3	3	3	3	1	1	3	1	3	3	3	27	3	3	1	1	1	1	3
147	0	20	0	2	0	1	1	6	1	1	0	1	1	1	1	1	1	0	0	0	0	0	1	1	1	1	0	0	1	1	1	1	0	1	1	1	0	0	0	1	0	1	1	1	1	1	1	0	0	0	0	0	1	0	0	0	1	1	1	0	1	1	1	1	0	0	0	0	0	0	0	0	0	0	0	0	0	0	0	0	0	0	0	0	0	0	0	0	0	0	32	2	2	2	2	2	2	1	1	1	2	2	2	19	2	2	2	1	1	1	2
148	1	21	0	3	1	2	1	5	1	2	0	0	0	1	1	1	0	0	0	0	0	0	0	1	1	0	1	1	0	0	0	0	0	0	0	0	0	0	0	0	0	1	0	0	0	0	0	0	0	0	0	0	0	0	0	0	1	0	0	0	0	0	1	0	0	0	0	0	0	0	0	0	0	0	0	0	0	0	0	0	0	0	0	0	0	0	0	0	0	0	10	1	2	2	2	2	2	3	3	3	2	2	2	25	2	2	3	3	3	3	2
149	0	22	0	1	2	5	1	7	1	2	0	1	1	0	1	1	1	0	0	0	1	0	1	1	1	1	1	0	1	0	1	1	1	1	0	1	0	0	0	0	0	1	0	0	0	0	0	1	0	0	0	0	0	1	0	0	1	1	1	0	1	1	1	0	0	1	0	0	0	0	0	0	0	0	0	0	0	0	0	0	0	0	0	0	0	0	0	0	0	1	28	1	3	3	3	3	3	1	1	1	3	3	3	27	2	2	1	1	1	1	1
150	0	26	0	2	1	4	1	9	1	2	0	0	0	0	1	0	0	0	0	0	0	0	1	1	0	0	0	0	0	0	0	0	0	0	0	0	0	0	0	0	1	0	0	0	0	0	0	0	0	0	0	0	1	1	1	0	0	0	0	0	1	0	0	1	1	0	0	0	0	0	0	0	0	0	0	0	0	0	0	0	0	0	0	0	0	0	0	0	0	0	10	2	3	2	2	2	2	1	1	1	3	3	3	23	2	2	2	1	1	1	1
151	0	23	0	2	0	5	1	10	1	2	0	1	0	0	0	0	1	0	0	0	0	1	1	1	1	0	1	0	0	0	0	1	0	0	0	1	0	0	0	0	0	0	1	0	0	0	0	0	0	0	0	0	0	1	0	0	1	1	0	1	0	1	1	1	0	0	0	0	0	0	0	0	0	0	0	0	0	0	0	0	0	0	0	0	0	0	0	0	0	0	17	2	2	2	2	2	1	1	2	1	3	3	3	22	2	2	1	1	1	1	2
152	1	25	0	3	0	5	1	9	1	0	0	1	1	1	1	1	1	0	1	0	1	1	1	1	1	0	1	0	0	0	0	1	0	0	1	1	0	0	0	0	1	1	0	0	0	0	0	1	0	0	0	0	0	1	1	0	1	0	0	0	0	0	1	1	0	0	0	0	0	0	0	0	0	0	0	0	0	0	0	0	0	0	0	0	0	0	0	0	0	0	24	0	3	3	3	3	1	1	1	1	3	3	3	25	1	3	1	1	1	1	1
153	1	21	0	1	0	2	1	6	1	0	0	1	1	1	0	1	0	1	0	0	0	0	1	0	1	0	0	0	0	0	0	1	0	0	0	0	1	0	0	0	0	1	0	0	0	0	0	0	0	0	0	0	0	1	0	0	1	0	0	0	1	0	1	1	0	0	0	0	0	0	0	0	0	0	0	0	0	0	0	0	0	0	0	0	0	0	0	0	0	0	15	0	3	2	2	3	1	1	2	1	3	3	3	24	3	3	2	1	2	2	2
154	1	20	1	4	2	0	1	6	1	2	1	0	1	1	1	1	1	1	0	1	1	1	1	1	1	1	1	1	0	1	1	1	1	1	0	1	1	1	1	0	0	1	1	1	1	1	1	1	0	0	0	0	1	1	1	1	1	1	1	1	1	1	1	1	0	0	0	0	0	0	0	0	0	1	1	0	0	0	0	0	0	0	0	0	1	0	0	0	0	3	49	0	3	3	2	3	3	1	1	1	3	3	3	26	3	3	1	1	3	1	3
155	1	30	0	2	0	2	1	5	1	2	0	0	0	1	0	1	0	0	0	0	0	0	1	1	0	0	0	0	0	0	0	0	0	0	0	0	0	0	0	0	0	0	0	0	0	0	0	0	0	0	0	0	0	1	0	0	0	0	0	0	0	0	0	0	0	0	0	0	0	0	0	0	0	0	0	0	0	0	0	0	0	0	0	0	0	0	0	0	0	0	5	0	3	1	1	3	1	3	1	1	3	3	3	23	3	1	1	1	1	1	2
156	1	18	0	1	0	0	1	4	1	1	0	1	1	1	1	0	1	1	0	0	0	1	1	1	1	0	1	1	0	0	0	1	1	0	0	1	1	1	0	0	0	1	1	0	0	0	0	0	0	0	0	0	1	0	0	0	1	1	0	0	1	1	1	1	1	0	0	0	0	0	0	0	0	1	0	0	0	0	0	0	0	0	0	0	0	0	0	0	0	1	29	2	2	2	2	2	2	2	1	2	2	2	2	21	2	2	1	1	1	1	2
157	0	25	0	3	1	3	1	8	0	0	0	1	1	0	0	0	1	1	0	0	0	0	1	1	1	0	0	0	0	0	0	0	0	1	0	0	0	0	0	0	0	0	1	0	0	0	0	0	0	0	0	0	0	0	0	0	1	0	0	1	0	0	0	1	0	0	0	0	0	0	0	0	0	0	0	0	0	0	0	0	0	0	0	0	0	0	0	0	0	0	12	1	3	3	1	3	1	1	1	1	3	2	3	22	3	1	1	1	1	1	1
158	1	26	0	3	1	5	1	10	0	2	0	1	0	1	1	1	0	0	0	0	0	0	1	1	1	0	1	1	0	0	1	0	0	0	0	0	0	0	0	1	0	0	1	0	0	0	0	0	0	0	0	0	0	1	0	1	1	1	0	0	0	1	1	1	0	0	0	0	0	0	0	0	0	0	0	0	0	0	0	0	0	0	0	0	0	0	0	0	0	0	19	2	3	2	1	3	3	1	1	1	3	3	3	24	3	3	2	1	1	1	3
159	1	25	0	3	2	2	1	4	1	2	1	1	0	1	0	0	1	1	1	0	0	1	1	1	1	1	1	1	1	1	1	1	1	1	1	1	1	1	1	1	1	1	1	0	0	1	0	1	0	0	0	1	1	1	0	1	1	1	1	1	1	1	0	1	0	0	0	0	0	0	0	0	0	0	0	0	0	0	0	0	0	0	0	0	0	0	0	0	0	1	41	1	2	3	3	2	2	1	1	1	3	3	3	24	2	2	2	1	1	1	3
160	1	20	0	2	1	0	1	4	1	1	0	1	1	1	0	1	0	0	0	0	0	0	1	1	1	0	1	1	0	0	0	1	1	0	0	1	0	0	0	0	0	0	0	0	0	0	0	0	0	0	0	0	0	1	1	0	1	0	0	0	0	0	1	0	0	0	1	0	0	0	0	0	0	0	0	0	0	0	0	0	0	0	0	0	0	0	0	0	0	1	18	0	3	2	3	3	1	2	1	1	3	3	3	25	3	3	3	1	2	1	2
161	0	24	0	3	0	4	1	8	1	2	0	1	1	1	1	1	1	0	0	0	0	0	0	0	1	0	0	0	0	0	0	0	0	0	0	0	0	0	0	0	0	0	1	1	1	0	0	0	0	0	0	0	0	0	0	0	1	1	0	0	1	0	1	1	1	0	0	0	0	0	0	0	0	0	0	0	0	0	0	0	0	0	0	0	0	0	0	0	0	0	16	2	3	3	2	3	2	1	1	1	2	3	3	24	3	3	1	1	1	1	3
162	1	19	0	2	0	2	1	5	1	1	0	0	1	1	1	0	1	0	0	0	0	0	0	0	1	0	1	1	0	0	0	1	0	0	0	0	0	0	1	0	0	1	1	1	1	0	1	0	1	0	0	0	1	1	1	0	1	0	0	0	1	1	1	1	0	0	0	0	0	0	0	0	0	0	0	0	0	0	0	0	0	0	0	0	0	0	0	0	0	2	25	0	3	2	3	2	1	1	1	1	3	3	3	23	3	3	1	1	3	2	2
163	1	19	0	1	1	4	1	5	1	0	0	0	1	1	0	1	0	0	0	0	0	0	0	0	0	0	1	0	0	0	0	0	0	0	0	0	0	0	0	0	1	1	0	0	0	0	0	0	0	0	0	0	1	0	0	0	1	0	0	0	0	0	0	1	1	0	0	0	0	0	0	0	0	0	0	0	0	0	0	0	0	0	0	0	0	0	0	0	0	0	10	2	3	3	1	3	1	3	1	1	3	1	3	23	3	3	1	1	1	1	3
164	0	22	1	3	1	3	1	8	1	1	0	1	0	1	1	1	1	0	1	0	1	1	1	1	1	0	1	1	1	0	0	1	0	1	1	1	0	0	0	1	1	1	1	0	0	0	0	0	0	0	0	0	1	1	1	1	1	0	0	0	1	1	1	1	1	0	0	0	0	0	0	0	0	0	0	0	0	0	0	0	0	0	0	0	0	0	0	0	0	0	32	0	3	3	3	3	3	1	1	1	3	3	3	27	2	3	1	1	1	1	2
165	0	28	0	3	0	2	1	7	1	0	1	1	1	0	0	0	1	0	0	0	1	0	1	1	0	1	1	0	0	0	0	0	0	1	0	1	1	0	0	0	0	1	0	0	0	0	0	0	0	0	0	0	0	1	1	1	1	0	0	0	0	0	0	1	0	0	0	0	0	0	0	0	0	0	0	0	0	0	0	0	0	0	0	0	0	0	0	0	0	0	17	2	2	2	2	2	1	1	1	1	2	3	2	19	3	2	1	1	2	2	2
166	0	32	0	1	1	5	1	8	0	0	0	1	1	1	1	1	0	0	0	0	0	1	1	1	1	1	1	0	0	0	0	1	0	0	1	1	1	1	1	0	1	1	0	0	0	0	0	0	0	0	0	0	0	1	0	0	1	0	0	0	0	0	1	0	0	0	0	0	0	0	0	0	0	0	0	0	0	0	0	0	0	0	0	0	0	0	0	0	0	0	22	1	1	1	1	1	1	1	1	1	1	3	3	15	1	1	1	1	1	1	1
167	1	27	1	3	2	3	1	4	1	1	0	1	0	1	0	1	1	0	0	0	0	0	0	0	0	0	0	0	0	0	0	0	0	0	0	0	0	0	1	0	0	0	0	0	0	0	0	1	0	0	0	0	0	1	1	1	1	0	0	0	1	0	1	1	0	0	0	0	0	0	0	0	0	0	0	0	0	0	0	0	0	0	1	0	0	0	0	0	0	0	14	2	3	3	3	3	1	1	1	1	3	2	3	24	3	1	1	1	1	1	2
168	0	24	0	3	0	3	1	5	1	2	0	1	1	1	0	1	1	0	1	0	0	0	1	1	1	0	1	1	1	0	1	1	1	1	0	1	1	1	0	0	1	1	1	1	1	1	1	1	0	0	0	0	1	0	1	0	1	1	0	0	1	1	1	1	1	0	0	0	1	0	0	0	0	0	0	0	0	0	0	0	0	0	0	0	0	0	0	0	0	0	37	0	3	3	3	3	3	3	3	2	3	3	3	32	2	3	3	1	1	1	3
169	0	27	1	3	2	5	3	7	2	2	1	1	0	0	0	0	0	1	0	0	0	0	0	0	0	0	1	0	0	0	0	0	0	0	0	0	0	0	1	0	0	1	0	0	0	0	0	0	0	0	0	0	0	0	0	0	1	0	0	0	0	0	1	1	0	0	0	0	0	0	0	0	0	0	0	0	0	0	0	0	0	0	0	0	0	0	0	0	0	0	8	1	2	2	2	2	2	2	1	1	3	2	3	22	1	1	1	1	1	1	2
170	1	23	0	2	1	5	3	7	2	1	1	0	0	1	1	1	1	1	0	0	0	0	1	0	1	0	1	0	0	0	0	0	0	0	0	0	0	0	0	0	0	0	0	0	0	0	0	0	0	0	0	0	0	1	1	0	1	1	0	0	0	0	0	0	0	0	0	0	0	0	0	0	0	0	0	0	0	0	0	0	0	0	0	0	0	0	0	0	0	0	12	0	3	3	3	3	3	1	1	1	3	2	2	25	1	1	1	1	1	1	2
171	1	26	0	3	1	5	3	7	2	0	1	1	1	1	1	1	1	1	1	0	0	0	0	1	1	0	0	0	0	0	0	0	1	0	0	0	0	0	0	0	0	0	0	0	0	0	0	0	0	0	0	0	0	0	0	0	1	0	0	1	0	0	1	1	1	0	0	0	0	0	0	0	0	0	0	0	0	0	0	0	0	0	0	0	0	0	0	0	0	0	16	1	2	2	1	2	2	1	1	1	2	1	2	17	2	2	2	1	1	1	3
172	1	24	0	3	1	5	3	8	1	1	1	1	1	1	1	1	1	0	1	0	0	1	1	1	1	0	1	0	0	0	0	1	1	1	1	1	1	1	0	0	0	1	1	1	1	1	1	1	0	0	0	1	1	1	1	1	1	0	1	1	1	1	1	1	1	0	0	0	0	0	1	0	0	0	0	0	0	0	0	0	0	0	0	0	0	0	0	0	0	3	43	0	2	2	1	2	2	2	2	2	2	2	2	21	2	2	1	1	1	1	3
173	1	26	0	2	1	5	3	7	1	0	1	0	1	1	1	1	1	0	1	0	0	1	0	1	0	0	0	0	0	0	0	0	1	1	1	0	0	0	0	0	0	1	1	1	1	1	1	1	1	1	1	1	1	0	0	0	1	0	0	1	1	1	0	1	1	0	0	0	0	0	0	0	0	0	0	0	0	0	0	0	0	0	0	0	0	0	0	0	0	0	29	1	1	1	1	1	1	1	1	1	1	1	1	11	1	1	1	1	1	1	1
174	0	27	0	2	1	4	3	7	2	1	1	0	1	0	0	0	0	0	1	0	0	0	0	1	0	0	0	1	0	0	0	0	0	0	0	0	0	0	0	0	0	0	0	1	0	0	0	0	0	0	0	0	0	0	0	0	0	0	0	0	0	1	0	0	0	0	0	0	0	0	0	0	0	0	0	0	0	0	0	0	0	0	0	0	0	0	0	0	0	0	6	0	3	2	1	2	2	1	1	2	3	2	2	21	1	2	1	1	2	2	3
175	1	23	1	2	0	5	3	7	1	0	0	0	1	1	1	1	0	0	0	0	0	0	0	0	0	0	0	0	0	0	0	0	0	0	0	0	0	0	0	0	0	1	0	0	0	0	0	0	0	0	0	0	0	1	0	0	1	0	0	0	0	0	0	1	0	0	0	0	0	0	0	0	0	0	0	0	0	0	0	0	0	0	0	0	0	0	0	0	0	0	8	1	1	1	1	1	1	1	1	1	1	1	1	11	1	1	1	1	1	1	1
176	1	22	1	3	0	3	3	7	2	1	2	1	0	0	0	0	0	0	0	0	0	0	0	0	1	0	1	0	0	0	0	0	0	0	0	0	0	0	0	0	0	1	0	0	0	0	0	0	0	0	0	0	0	0	0	0	1	0	0	0	0	0	0	1	0	0	0	0	0	0	0	0	0	0	0	0	0	0	0	0	0	0	0	0	0	0	0	0	0	0	6	0	3	3	2	3	3	1	1	1	3	2	2	24	2	2	1	1	1	1	2
177	1	28	0	3	0	4	3	8	2	1	1	1	1	1	1	1	1	1	0	0	0	0	1	1	1	1	1	0	1	0	1	1	1	1	1	1	1	1	0	0	0	1	0	0	0	0	0	0	0	0	0	0	0	1	1	0	1	0	0	1	0	0	1	1	1	0	0	0	0	0	0	0	0	0	0	0	0	0	0	1	0	0	0	0	0	0	0	0	0	0	30	0	3	3	2	3	2	2	1	1	2	3	3	25	3	3	1	1	1	1	2
178	0	27	0	1	0	5	3	9	2	0	1	1	1	1	1	1	1	1	1	0	0	1	1	1	1	0	1	1	1	1	0	1	1	1	1	1	1	1	0	1	1	1	1	1	1	0	1	0	0	0	0	0	1	1	1	1	1	0	0	0	1	1	1	1	1	1	0	0	0	0	0	0	0	0	0	0	0	0	0	0	0	0	0	0	0	0	0	0	0	0	41	2	3	3	3	3	3	3	3	3	3	1	1	29	2	2	2	2	1	1	2
179	0	24	1	2	1	5	3	8	2	1	1	0	1	1	1	0	0	1	0	0	0	1	1	1	1	1	1	0	0	0	0	1	0	1	0	1	0	0	0	0	0	1	1	1	0	0	0	0	0	0	0	0	1	1	1	0	1	0	0	0	0	0	1	1	0	0	0	0	0	0	0	0	0	0	0	0	0	0	0	0	0	0	0	0	0	0	0	0	0	0	22	0	3	3	3	3	3	3	3	3	3	3	3	33	3	3	3	3	2	3	3
180	0	24	1	5	1	5	3	2	2	1	0	0	0	0	0	0	0	0	0	0	0	0	0	1	0	1	1	0	0	0	0	1	0	1	0	0	1	0	0	0	0	0	0	1	0	0	0	0	0	0	0	0	0	0	0	0	1	0	0	0	1	1	0	0	0	0	0	0	0	0	0	0	0	0	0	0	0	0	0	0	0	0	0	0	0	0	0	0	0	0	10	2	3	3	3	3	3	2	2	1	3	2	2	27	3	2	1	1	1	1	2
181	0	24	1	3	1	3	3	7	2	1	1	0	0	0	0	0	0	0	0	0	0	0	0	1	0	0	0	0	0	0	0	0	0	0	0	0	0	0	0	0	0	0	0	0	0	0	0	0	0	0	0	0	0	0	0	0	1	0	0	0	0	0	1	1	0	0	0	0	0	0	0	0	0	0	0	0	0	0	0	0	0	0	0	0	0	0	0	0	0	0	4	0	2	2	2	2	2	2	2	2	2	2	2	22	3	3	1	1	1	1	1
182	0	23	1	3	2	5	0	8	1	2	1	0	0	0	0	0	0	0	0	0	0	0	1	1	1	0	0	0	1	1	0	0	0	1	0	0	0	0	0	0	0	0	0	0	0	0	0	0	0	0	0	0	0	0	0	0	0	0	1	0	0	0	0	0	0	0	0	0	0	0	0	0	0	0	0	0	0	0	0	0	0	0	0	0	0	0	0	0	0	0	7	1	2	2	2	2	2	1	1	2	2	2	2	20	1	2	1	1	1	1	1
183	1	23	0	3	0	3	1	4	1	2	0	1	1	1	1	1	1	0	1	0	0	0	0	1	1	0	0	1	0	0	0	1	0	0	0	1	0	0	0	0	0	1	0	0	1	0	0	0	0	0	0	0	0	1	1	0	1	0	0	0	0	0	1	1	0	0	0	0	0	0	0	0	0	0	0	0	0	0	0	0	0	1	0	0	0	0	0	0	0	0	20	0	3	3	3	3	2	1	1	1	2	3	3	25	3	3	3	1	2	2	3
184	1	19	0	1	0	1	1	4	1	1	0	1	1	1	1	1	1	1	1	0	0	1	1	1	1	0	1	0	0	0	0	1	1	1	0	1	1	1	0	0	0	1	1	1	1	0	0	0	0	0	0	0	1	1	1	1	1	0	0	1	1	1	1	1	1	0	0	0	0	0	0	0	0	0	0	0	0	0	0	0	0	0	0	0	0	0	0	0	0	0	34	2	3	3	3	3	3	3	1	1	3	3	3	29	2	3	3	1	1	1	2
185	0	24	1	5	0	1	1	5	1	1	0	1	1	0	0	1	1	1	0	0	0	0	1	0	0	0	0	0	0	0	0	0	0	0	0	0	0	0	0	0	0	0	0	0	0	0	0	0	0	0	0	0	0	1	0	0	0	0	0	0	0	0	1	0	0	0	0	0	0	0	0	0	0	0	0	0	0	0	0	0	0	0	0	0	0	0	0	0	0	0	8	1	2	2	1	2	3	1	2	1	1	2	2	19	3	3	1	1	1	1	2
186	1	25	0	3	1	1	0	4	1	2	0	1	1	1	1	1	1	0	1	0	0	1	1	1	1	0	1	0	1	0	0	1	1	0	0	1	1	0	1	0	0	1	1	1	0	1	1	1	1	0	0	0	1	0	0	1	0	0	0	1	0	1	1	1	0	0	0	0	0	0	0	0	0	0	0	0	0	0	0	0	0	0	0	0	0	0	0	0	0	0	31	0	3	3	3	3	3	1	1	1	2	2	3	25	1	1	2	1	2	1	3
187	1	27	0	1	0	0	1	8	0	1	0	1	1	0	0	1	0	0	0	0	0	0	0	0	0	0	0	0	0	0	0	0	0	0	0	0	0	0	0	0	0	0	0	0	0	0	0	0	0	0	0	0	0	0	0	0	1	0	0	0	0	0	0	1	0	0	0	0	0	0	0	0	0	0	0	0	0	0	0	0	0	0	0	0	0	0	0	0	0	0	5	2	3	3	3	3	3	3	1	1	3	3	3	29	2	1	1	1	1	1	3
188	1	33	0	3	0	6	1	10	1	0	0	0	0	1	1	1	0	0	0	0	0	0	0	0	0	0	0	0	0	0	0	0	0	0	0	0	0	0	0	0	0	1	0	0	0	0	0	0	0	0	0	0	0	0	0	0	0	0	0	0	0	0	1	1	0	0	0	0	0	0	0	0	0	0	0	0	0	0	0	0	0	0	0	0	0	0	0	0	0	0	6	2	1	1	1	2	1	1	1	1	2	1	2	14	1	1	1	1	1	1	3
189	1	24	0	3	2	0	1	4	0	1	0	1	1	1	1	1	1	1	1	0	0	1	1	1	1	1	1	0	1	1	1	1	1	1	1	1	1	1	1	1	1	1	1	1	1	1	1	1	0	1	0	1	1	1	1	1	0	1	1	1	1	1	1	1	1	0	0	0	0	0	0	0	0	0	0	0	0	0	0	0	0	0	0	0	0	0	0	0	0	0	48	2	3	3	3	3	2	2	2	1	3	3	3	28	1	1	1	1	1	1	3
190	0	27	0	4	1	1	1	10	0	2	0	0	0	1	1	0	1	0	0	0	1	0	0	1	0	1	1	0	1	0	0	1	1	0	0	0	0	0	0	0	1	1	0	0	0	0	1	0	0	0	0	0	0	0	0	1	1	0	0	0	1	0	0	0	0	0	0	0	0	0	0	0	0	0	0	0	0	0	0	0	0	0	0	0	0	0	0	0	0	0	16	2	2	2	1	2	1	1	1	1	2	2	3	18	2	2	1	1	1	2	1
191	2	24	0	3	1	4	1	4	1	0	0	0	0	0	0	0	0	0	0	0	0	0	0	0	0	0	0	0	0	0	0	0	0	0	0	0	0	0	0	0	0	0	0	0	0	0	0	0	0	0	0	0	0	0	0	0	0	0	0	0	0	0	0	0	0	0	0	0	0	0	0	0	0	0	0	0	0	0	0	0	0	0	0	0	0	0	0	0	0	0	0	2	1	1	1	1	1	1	1	1	1	1	1	11	1	1	1	1	1	1	1
192	0	20	0	2	0	1	1	6	1	1	0	1	1	1	1	1	1	1	1	0	1	1	1	1	1	1	1	1	1	0	1	1	1	1	1	1	1	1	0	1	1	1	1	1	1	1	1	0	0	0	0	0	1	1	1	1	1	1	1	1	1	1	1	1	0	0	0	0	0	0	0	0	0	0	0	0	0	0	0	0	0	0	0	0	0	0	0	0	0	0	45	0	2	2	2	2	2	2	2	2	2	2	2	22	1	1	1	2	2	2	2
193	0	53	0	3	0	2	1	10	0	1	0	1	1	1	0	1	1	0	0	0	0	0	0	0	0	0	0	0	0	0	0	0	0	0	0	0	0	0	0	0	0	0	0	0	0	0	0	0	0	0	0	0	0	0	0	0	1	0	0	0	0	0	0	1	0	0	0	0	0	0	0	0	0	0	0	0	0	0	0	0	0	0	0	0	0	0	0	0	0	0	7	0	2	2	2	2	2	1	1	1	3	1	1	18	1	1	1	1	1	1	2
194	0	22	1	1	1	1	1	7	1	1	0	1	0	1	0	1	0	0	0	0	0	0	0	1	0	0	1	0	0	0	1	0	0	0	0	0	1	1	1	1	0	0	0	0	0	0	0	0	0	0	0	0	1	0	0	0	1	0	0	1	0	0	1	1	1	1	0	0	0	0	0	0	0	0	0	0	0	0	0	0	0	0	0	0	0	0	0	0	0	1	18	0	2	2	2	2	2	1	1	1	3	3	3	22	1	2	2	1	1	1	3
195	1	26	0	2	0	5	1	8	0	0	0	1	1	1	1	1	1	1	0	0	0	0	0	1	0	0	1	0	0	0	0	0	0	0	0	0	1	1	1	0	0	1	0	0	0	0	0	1	0	0	0	0	1	0	0	0	1	0	0	1	0	0	1	1	0	0	0	0	0	0	0	0	0	0	0	0	0	0	0	0	0	0	0	0	0	0	0	0	0	0	19	2	3	3	1	2	3	2	1	1	3	1	3	23	1	1	1	1	1	1	2
196	1	20	0	3	1	2	1	6	1	2	0	0	1	1	0	1	0	0	0	0	0	1	0	1	1	0	0	1	0	0	0	1	0	0	0	1	1	1	0	1	0	1	1	0	0	0	0	0	1	0	0	0	1	1	0	0	0	0	1	1	1	1	0	1	1	0	0	0	0	0	0	0	0	0	0	0	0	0	0	0	0	0	0	0	0	0	0	0	0	0	23	0	3	3	3	3	1	1	1	1	3	3	3	25	1	3	1	1	1	1	3
197	1	22	0	2	0	2	1	7	1	2	1	1	1	1	1	1	1	1	1	0	0	0	1	1	0	0	1	0	0	0	1	0	0	1	0	1	0	0	0	0	0	1	1	1	1	1	1	1	0	0	0	0	1	0	0	0	1	0	0	0	1	1	1	1	1	0	0	0	0	0	0	0	0	0	0	0	0	0	0	0	0	0	0	0	0	0	0	0	0	0	28	2	2	2	2	2	2	2	2	2	2	2	2	22	1	1	1	3	3	3	1
198	1	23	0	3	1	6	1	8	1	1	1	1	1	1	1	1	1	0	1	0	0	0	1	1	1	0	1	0	0	0	0	0	0	0	0	1	0	0	0	0	0	1	1	0	0	0	0	0	0	0	0	0	0	0	0	0	1	1	0	0	0	0	1	1	1	0	0	0	0	0	0	0	0	0	0	0	0	0	0	0	0	0	0	0	0	0	0	0	0	0	19	0	2	2	2	2	2	1	1	1	3	3	3	22	3	1	1	1	1	1	3
199	1	36	1	3	1	5	1	10	1	0	0	1	1	1	1	1	1	0	1	0	0	0	0	0	0	0	0	0	0	0	0	1	0	0	0	0	0	0	0	0	0	1	1	1	1	1	0	0	0	0	0	0	0	0	1	0	1	0	0	0	1	0	0	0	0	0	0	0	0	0	0	0	0	0	0	0	0	0	0	0	0	0	0	0	0	1	0	0	0	0	17	2	2	2	3	2	2	2	1	2	3	2	2	23	2	2	3	2	3	3	3
200	0	24	0	1	0	4	1	8	0	0	0	0	1	1	1	1	0	0	0	0	1	0	1	1	1	1	1	0	1	0	0	1	1	1	1	1	1	1	0	0	0	1	0	0	0	0	0	0	0	0	0	0	0	0	0	0	0	0	0	0	0	0	0	1	0	0	0	0	0	0	0	0	0	0	0	0	0	0	0	0	0	0	0	0	0	0	0	0	0	0	20	0	3	1	3	2	3	1	1	1	1	2	2	20	3	3	2	1	1	1	1
201	1	19	1	3	0	5	1	6	1	0	0	0	0	0	0	0	0	0	0	0	0	0	1	1	0	0	1	0	0	0	0	1	0	0	0	0	0	0	0	0	0	0	0	0	0	0	0	1	0	0	0	0	0	0	0	0	1	0	0	0	1	0	0	0	0	0	0	0	0	0	0	0	0	0	0	0	0	0	0	0	0	0	0	0	0	0	0	0	0	0	7	1	3	1	1	3	3	2	1	1	2	2	3	22	2	2	1	1	1	1	2
202	1	20	1	2	0	4	1	6	1	0	0	0	0	0	1	1	0	0	0	0	0	0	0	0	1	0	0	1	0	0	0	0	0	0	0	0	0	0	0	0	0	0	0	0	0	0	0	0	0	0	0	0	0	0	0	0	1	0	0	0	0	0	0	1	0	0	0	0	0	0	0	0	0	0	0	0	0	0	0	0	0	0	0	0	0	0	0	0	0	1	7	1	2	1	1	2	1	1	1	1	2	1	3	16	2	2	1	2	1	1	1
203	1	41	0	2	0	3	1	10	0	0	0	1	1	1	1	1	0	0	0	0	0	0	0	1	0	0	0	0	0	0	0	0	0	0	0	0	0	0	0	0	0	1	0	0	0	0	0	0	0	0	0	0	0	0	0	0	0	0	0	0	0	0	0	1	0	0	0	0	0	0	0	0	0	0	0	0	0	0	0	0	0	0	0	0	0	0	0	0	0	0	8	2	3	3	3	3	3	3	1	1	3	2	3	28	3	3	1	1	1	1	3
204	1	23	1	3	1	5	1	10	0	0	0	1	1	1	1	1	1	0	1	0	0	0	0	0	0	0	0	0	0	0	0	0	0	0	0	0	0	0	0	0	0	1	0	0	0	0	0	0	0	0	0	0	1	1	0	0	1	0	0	1	1	1	1	1	0	0	0	0	0	0	0	0	0	0	0	0	0	0	0	0	0	0	0	0	0	0	0	0	0	0	16	2	3	3	2	3	3	1	1	1	3	3	3	26	2	3	1	1	2	2	3
205	1	40	0	2	0	2	1	8	0	0	0	0	0	0	0	1	0	0	0	0	0	0	0	0	0	0	0	0	0	0	0	0	0	0	0	0	0	0	0	0	0	0	0	0	0	0	0	0	0	0	0	0	0	0	0	0	0	0	0	0	0	0	0	0	0	0	0	0	0	0	0	0	0	0	0	0	0	0	0	0	0	0	0	0	0	0	0	0	0	0	1	0	1	1	1	1	1	1	1	1	1	1	1	11	1	1	1	1	1	1	1
206	0	23	0	3	1	3	1	6	0	2	1	1	1	1	1	1	1	1	1	0	1	1	1	1	0	1	1	0	1	0	1	1	1	1	1	1	1	1	1	0	1	0	0	0	0	0	1	1	0	0	0	0	1	1	0	0	1	1	0	1	1	1	1	1	1	0	0	0	0	0	0	0	0	0	0	0	0	0	0	0	0	0	0	0	0	0	0	0	0	0	37	0	3	1	1	3	3	1	1	1	3	3	3	23	3	1	1	1	1	1	3
207	1	21	0	1	0	4	1	7	1	1	0	1	1	1	1	1	1	0	1	0	1	0	1	1	0	1	1	1	0	0	0	1	0	1	0	0	0	0	0	0	0	1	1	0	1	0	0	0	0	0	0	0	0	1	0	0	1	0	0	0	0	0	1	1	1	0	0	0	0	0	0	0	0	0	0	0	0	0	0	0	0	0	0	0	0	0	0	0	0	0	23	2	3	2	2	3	2	1	1	1	3	3	3	24	2	3	3	1	2	2	2
208	1	23	0	3	0	5	1	10	1	2	0	1	1	1	1	1	1	1	1	0	0	1	1	1	1	1	1	0	0	0	1	1	1	1	0	1	1	1	0	0	0	1	1	1	1	1	1	0	1	0	0	0	1	1	1	1	1	0	0	1	1	1	1	1	1	0	0	0	0	0	0	0	0	0	0	0	0	0	0	0	0	0	0	0	0	0	0	0	0	0	39	0	3	3	3	3	2	2	1	1	3	3	3	27	2	3	3	1	1	1	2
209	1	30	0	2	1	2	1	6	1	2	0	1	0	1	1	1	1	1	1	0	0	0	0	1	0	0	0	0	0	0	0	0	0	0	0	0	0	1	0	0	0	1	1	0	0	0	0	0	0	0	0	0	0	0	0	1	1	0	0	1	1	1	1	1	0	0	0	0	0	0	0	0	0	0	0	0	0	0	0	0	0	0	0	0	0	0	0	0	0	1	19	0	3	3	3	3	2	2	1	1	3	3	3	27	2	1	1	1	1	1	3
210	1	22	1	3	1	5	1	10	0	2	0	0	0	1	0	1	0	0	0	0	0	0	0	0	1	0	1	1	0	0	0	0	0	0	0	0	0	0	0	0	0	1	1	0	0	0	0	0	0	0	0	0	0	0	0	0	1	0	0	0	0	0	1	1	1	0	0	0	0	0	0	0	0	0	0	0	0	0	0	0	0	0	0	0	0	0	0	0	0	2	13	1	3	3	1	3	1	2	1	1	3	2	3	23	3	3	1	1	1	1	3
211	1	24	0	2	0	3	1	6	1	2	0	1	0	0	0	0	1	0	0	0	0	0	1	1	1	0	0	1	0	1	0	0	0	0	1	1	0	0	0	1	0	0	0	0	0	0	0	0	0	0	0	0	1	1	0	0	1	0	1	0	0	0	0	0	0	0	0	0	0	0	0	0	0	0	0	0	0	0	0	0	0	0	0	0	0	0	0	0	0	1	15	1	1	1	3	1	1	1	1	1	2	2	2	16	3	1	1	1	1	1	2
212	0	27	0	1	0	1	1	4	1	0	0	0	1	1	1	0	1	0	0	0	0	0	0	0	0	0	0	0	0	0	0	0	0	1	0	0	0	0	0	0	0	0	0	0	0	0	0	0	0	0	0	0	0	0	0	0	0	0	0	0	0	0	0	0	0	0	0	0	0	0	0	0	0	0	0	0	0	0	0	0	0	0	0	0	0	0	0	0	0	0	5	0	1	1	1	1	1	1	1	1	1	1	1	11	1	1	1	1	1	1	1
213	0	24	1	3	1	5	2	4	2	1	1	0	1	1	1	1	1	0	1	0	0	0	1	1	0	1	1	0	0	0	0	0	1	0	1	1	1	0	0	0	0	1	1	1	1	0	1	0	0	0	0	0	1	1	0	1	1	0	0	1	1	1	0	1	0	0	0	0	0	0	0	0	0	0	0	0	0	0	0	0	0	0	0	0	0	0	0	0	0	0	27	2	3	3	3	3	3	2	1	1	3	3	3	28	1	2	1	1	1	1	2
214	0	20	0	4	1	2	2	5	2	1	1	0	1	1	0	1	0	0	0	0	0	0	1	1	1	1	0	0	1	1	1	1	1	1	0	0	1	0	0	0	1	0	1	0	0	0	0	0	0	0	0	0	0	0	0	0	1	0	0	0	1	1	0	1	1	0	0	0	0	0	0	0	0	0	0	0	0	0	0	0	0	0	0	0	0	0	0	0	0	0	21	0	3	2	1	3	2	1	1	1	3	2	2	21	1	3	1	1	1	1	2
215	0	24	0	1	0	4	2	5	2	0	1	1	1	1	1	1	1	1	1	0	1	0	1	1	1	0	1	0	0	0	0	1	1	1	0	0	1	0	0	0	1	1	1	0	0	0	0	0	0	0	0	0	0	1	1	1	0	0	0	0	1	0	1	1	1	0	0	0	0	0	0	0	0	0	0	0	0	0	0	0	0	0	0	0	0	0	0	0	0	0	27	2	2	3	3	3	1	1	1	1	3	3	2	23	2	2	2	1	1	1	1
216	1	20	1	3	1	3	2	4	2	1	0	0	1	1	1	1	0	0	0	0	0	0	1	1	0	0	1	0	0	0	0	0	0	0	0	0	1	0	0	0	0	1	1	1	1	0	0	0	0	0	0	0	1	0	0	0	1	0	0	1	0	1	1	1	1	0	0	0	0	0	0	0	0	0	0	0	0	0	0	0	0	0	0	0	0	0	0	0	0	2	21	0	1	2	1	2	1	1	1	1	3	3	1	17	1	1	1	1	1	1	3
217	0	32	0	2	0	1	2	5	2	1	2	0	0	0	0	1	0	0	0	0	0	0	1	1	0	0	0	0	0	0	0	0	0	0	0	0	0	0	0	0	0	1	0	1	0	0	0	0	0	0	0	0	0	0	0	0	0	0	0	0	0	0	0	0	0	0	0	0	0	0	0	0	0	0	0	0	0	0	0	0	0	0	0	0	0	0	0	0	0	0	5	0	2	2	2	2	2	2	2	2	2	2	2	22	2	3	3	3	3	3	3
218	0	21	0	2	1	6	2	6	1	2	0	1	1	1	1	1	1	1	1	0	0	0	0	0	0	0	1	0	0	0	0	0	0	1	0	0	1	0	0	0	0	1	1	0	0	1	0	0	0	0	0	0	1	0	0	0	1	1	0	1	1	1	1	1	1	0	0	0	0	0	0	0	0	0	0	0	0	0	0	0	0	0	0	0	0	0	0	0	0	0	23	0	3	3	3	3	3	1	1	1	3	2	2	25	1	1	1	1	1	1	3
219	1	21	1	4	1	4	2	4	2	2	1	1	1	1	1	1	1	1	1	0	1	1	1	1	1	1	1	1	0	0	1	1	1	1	1	1	1	1	1	1	1	1	1	1	1	1	1	1	1	1	1	0	1	1	1	1	1	1	1	1	1	1	1	1	1	0	0	1	0	0	0	0	0	0	0	0	0	0	0	0	0	0	0	0	0	0	0	0	0	0	51	2	3	3	3	3	2	3	3	1	3	3	3	30	2	2	2	1	1	1	3
220	1	22	0	2	1	5	2	5	2	2	2	1	1	1	1	1	1	1	1	0	1	1	1	1	1	1	1	1	1	1	1	1	1	1	1	1	1	1	1	1	1	1	1	1	1	1	1	1	1	1	1	1	1	0	0	0	1	0	1	1	1	1	1	1	1	0	0	1	0	0	0	0	0	0	0	0	0	0	0	0	0	0	0	0	0	0	0	0	0	0	50	2	3	3	1	3	2	2	2	3	3	3	3	28	1	1	1	1	1	1	3
221	1	23	1	2	1	2	2	5	2	1	2	1	1	1	1	1	1	0	0	0	0	0	0	1	0	1	1	0	0	0	0	1	1	1	1	1	1	1	1	0	1	1	1	1	1	1	1	0	1	1	1	0	1	1	1	1	1	0	1	1	1	1	1	1	1	0	0	0	0	0	0	0	0	0	0	0	0	0	0	0	0	0	0	0	0	0	0	0	0	0	39	2	3	3	3	3	2	3	1	2	3	3	3	29	1	1	1	1	1	1	3
222	1	22	0	1	1	3	2	5	2	2	2	1	1	1	1	1	1	0	0	0	0	0	0	1	1	0	0	1	1	0	1	1	1	0	0	0	0	0	0	0	0	1	1	0	0	0	0	0	0	0	0	0	1	0	0	0	1	0	0	1	1	0	1	1	1	0	0	0	0	0	0	0	0	0	0	0	0	0	0	0	0	0	0	0	0	0	0	0	0	0	22	0	2	2	2	2	2	1	1	1	2	2	2	19	2	2	1	1	1	1	3
223	0	22	0	2	1	2	2	4	2	2	0	1	1	0	0	1	1	0	0	0	0	1	1	1	0	0	1	0	0	1	0	0	1	1	1	0	1	1	0	0	1	1	1	0	0	0	0	0	0	0	0	0	1	1	1	0	1	1	1	1	1	1	1	0	0	0	0	0	0	0	0	0	0	0	0	0	0	0	0	0	0	0	0	0	0	0	0	0	0	3	30	0	3	2	2	3	3	2	1	1	3	3	3	26	1	3	2	1	2	2	3
224	1	24	0	2	0	5	2	6	2	2	0	0	1	1	1	1	1	0	0	0	0	1	1	1	1	0	1	1	0	0	0	1	1	0	0	0	0	0	0	0	0	1	1	1	1	0	0	0	0	0	0	0	1	1	0	0	1	0	0	1	1	1	1	1	1	0	0	0	0	0	0	0	0	0	0	0	0	0	0	0	0	0	0	0	0	0	0	0	0	0	26	0	2	2	1	2	1	1	1	1	1	1	3	16	1	1	1	1	1	1	1
225	1	23	1	3	1	5	2	8	2	2	2	1	1	1	1	1	1	1	1	1	1	1	1	1	1	0	0	0	0	0	0	1	0	0	0	0	0	0	0	0	0	0	0	0	0	0	0	0	0	0	0	0	0	0	0	0	1	0	0	0	1	0	0	0	0	0	0	0	0	0	0	0	0	0	0	0	0	0	0	0	0	0	0	0	0	0	0	0	0	0	17	0	3	3	1	3	1	2	1	1	2	2	2	21	3	2	1	1	1	1	2
226	0	23	0	3	1	5	2	8	2	2	2	0	1	1	0	1	1	1	0	0	0	0	0	1	1	0	0	0	0	0	0	1	1	1	0	0	1	1	0	1	0	1	1	1	1	1	1	1	0	0	0	1	1	0	0	0	1	1	0	1	1	0	1	1	1	0	0	0	0	0	0	0	0	0	0	0	0	0	0	0	0	0	0	0	0	0	0	0	0	0	29	1	2	3	2	2	3	1	3	2	1	3	3	25	3	3	1	2	2	2	3
227	1	21	1	2	1	5	2	8	1	0	2	1	1	1	1	1	1	1	1	0	0	1	1	1	1	1	1	1	0	0	0	0	1	1	1	1	1	1	1	0	1	1	1	1	1	1	1	1	1	1	1	1	1	1	1	0	1	1	1	1	1	1	1	1	1	0	0	0	0	0	0	0	0	0	0	0	0	0	0	0	0	0	0	0	0	0	0	0	0	0	46	0	3	3	2	3	3	3	1	1	3	3	3	28	2	1	1	1	1	1	3
228	1	22	0	3	1	6	2	8	2	1	1	1	0	1	1	0	1	0	0	0	0	0	1	1	0	0	0	0	0	0	0	1	0	0	0	0	0	0	0	0	0	1	0	0	0	0	0	0	0	0	0	0	0	0	0	0	1	0	0	0	0	0	1	1	0	0	0	0	0	0	0	0	0	0	0	0	0	0	0	0	0	0	0	0	0	0	0	0	0	0	11	2	3	3	2	3	3	2	1	1	3	3	3	27	2	3	2	1	1	1	3
229	0	23	1	3	2	6	2	8	2	2	2	1	1	1	1	1	1	1	1	0	1	0	1	0	0	0	0	1	1	1	1	1	1	1	0	1	0	0	1	0	1	0	1	0	0	0	0	1	0	0	1	0	0	1	1	0	1	0	1	0	0	0	1	1	1	0	0	0	0	0	0	0	0	0	0	0	0	0	0	0	0	0	0	0	0	0	0	0	0	0	30	2	3	3	2	3	2	1	2	1	3	3	3	26	1	3	3	3	1	1	3
230	1	22	0	4	0	4	2	7	2	1	1	1	1	1	1	1	1	1	1	0	0	1	1	1	1	1	1	0	0	0	0	1	1	1	1	1	1	1	1	1	1	1	1	1	1	1	1	1	0	0	0	0	1	1	1	1	1	1	1	1	1	1	1	1	1	0	0	0	0	0	0	0	0	0	0	0	0	0	0	0	0	0	0	0	0	0	0	0	0	0	44	2	3	3	2	3	3	3	1	1	3	3	3	28	3	3	3	1	1	1	3
231	1	30	0	3	0	3	2	7	0	2	2	0	1	1	1	1	1	0	1	0	0	1	1	1	1	0	1	1	0	0	1	1	1	1	1	1	1	1	0	0	0	1	1	1	1	1	1	1	1	1	1	1	1	0	0	1	1	1	1	1	1	1	1	1	1	0	0	0	0	0	0	0	0	0	0	0	0	0	0	0	1	0	0	0	0	0	0	0	0	0	43	0	3	3	3	3	1	1	1	1	3	1	1	21	2	1	1	1	1	1	3
232	0	26	0	3	1	4	2	8	2	2	2	0	1	1	1	1	1	1	0	0	1	1	1	1	1	0	0	0	0	0	0	0	0	1	1	1	1	1	1	1	0	1	1	1	1	1	1	1	1	1	1	1	1	0	0	0	1	1	1	1	1	1	1	1	1	0	0	0	0	0	0	0	0	0	0	0	0	0	0	0	0	0	0	0	0	0	0	0	0	0	39	2	3	3	3	3	3	1	2	2	3	3	3	29	2	2	1	1	1	1	3
233	1	26	0	4	0	5	2	7	2	1	2	1	1	1	1	1	1	1	1	0	0	1	1	1	1	1	1	1	1	0	0	1	0	1	0	1	1	1	0	0	1	1	1	1	1	1	1	0	1	1	1	1	1	1	1	0	0	0	0	1	1	1	1	1	1	0	0	0	0	0	0	0	0	0	0	0	0	0	0	0	0	0	0	0	0	0	0	0	0	0	41	2	3	3	3	3	3	1	1	1	3	3	2	26	2	2	2	1	1	1	2
234	1	23	1	2	1	5	2	7	2	1	1	1	0	1	1	0	0	0	0	0	0	1	1	0	1	0	1	1	1	0	0	1	1	0	0	0	1	0	0	0	1	1	0	0	0	0	0	0	0	0	0	0	0	1	1	1	1	0	0	0	0	1	1	1	0	0	0	0	0	0	0	0	0	0	0	0	0	0	0	0	0	0	0	0	0	0	0	0	0	0	21	0	3	3	3	3	1	1	1	1	3	3	3	25	1	3	1	1	3	3	3
235	1	21	0	3	0	3	2	7	2	1	1	0	0	0	1	0	0	0	0	0	0	0	0	0	1	0	1	0	0	0	0	1	0	1	0	0	0	0	0	0	0	0	1	0	0	0	0	0	0	0	0	0	0	1	1	0	1	1	0	0	1	0	0	0	0	0	0	0	0	0	0	0	0	0	0	0	0	0	0	0	0	0	0	0	0	0	0	0	0	0	11	2	2	3	2	3	1	1	1	1	3	3	3	23	3	3	1	1	1	1	3
236	1	25	0	1	0	4	2	9	2	0	1	1	1	1	1	1	1	0	0	0	0	0	0	0	1	0	1	0	0	0	0	0	0	0	0	1	1	1	0	0	0	1	1	0	0	0	0	0	0	0	0	0	0	0	0	0	1	0	0	0	0	0	1	1	1	0	0	0	0	0	0	0	0	0	0	0	0	0	0	0	0	0	0	0	0	0	0	0	0	0	17	2	3	3	1	3	1	2	1	1	3	2	3	23	1	1	1	1	1	1	2
237	0	25	0	2	2	5	2	8	2	2	2	1	0	1	1	0	0	0	0	0	0	0	0	0	0	0	0	0	1	0	0	0	0	1	0	0	0	0	0	0	0	0	1	0	0	0	0	0	0	0	0	0	0	0	0	0	1	1	0	0	0	1	0	1	0	1	0	0	0	0	0	0	0	0	0	0	0	0	0	0	0	0	0	0	0	0	0	0	0	0	11	1	3	3	3	3	2	1	1	1	2	3	3	25	3	2	1	1	1	1	3
238	1	28	0	5	2	5	2	10	2	2	2	1	1	1	1	0	0	0	0	0	0	1	1	0	0	1	1	0	0	0	0	1	0	0	1	1	1	1	1	0	1	1	1	1	1	1	1	0	0	0	0	1	0	1	1	0	1	0	0	1	1	1	1	1	1	0	0	0	0	0	0	0	0	0	0	0	0	0	0	0	0	0	0	0	0	0	0	0	0	0	31	2	3	3	3	3	3	3	3	3	3	3	3	33	3	3	3	1	1	1	1
239	0	22	1	3	2	4	3	7	2	2	1	0	0	0	1	0	0	0	0	0	1	1	0	1	1	1	0	0	1	0	0	0	0	0	0	0	0	0	0	0	0	1	0	0	0	0	0	0	0	0	0	0	0	1	1	0	0	1	0	0	0	0	0	1	0	0	0	0	0	0	0	0	0	0	0	0	0	0	0	0	0	0	0	0	0	0	0	0	0	1	13	1	2	2	2	3	3	1	1	1	3	3	3	24	1	2	1	1	2	1	3
240	1	29	0	4	0	3	3	7	2	1	1	0	0	0	0	1	1	0	0	0	0	0	0	0	0	0	0	0	0	0	0	0	0	0	0	0	0	1	0	0	0	1	1	0	0	0	1	0	0	0	0	0	0	0	0	0	1	0	0	1	0	0	1	1	1	0	0	0	0	0	0	0	0	0	0	0	0	0	0	0	0	0	0	0	0	0	0	0	0	0	11	2	1	1	1	1	3	1	2	3	1	1	1	16	1	1	2	3	1	2	1
241	0	24	1	5	1	3	3	5	1	1	0	1	0	0	0	0	0	0	1	0	1	1	1	1	1	1	1	1	0	0	1	1	1	1	1	1	1	1	0	1	1	0	0	0	0	0	0	0	0	0	0	0	0	1	1	1	1	0	1	0	1	1	0	0	0	0	0	0	0	0	0	0	0	0	0	0	0	0	0	0	0	0	0	0	0	0	0	0	0	0	27	2	2	3	2	2	2	1	1	1	3	3	3	23	3	3	2	1	1	1	2
242	1	24	0	3	0	5	3	10	2	1	2	1	1	1	1	1	1	0	0	0	0	0	1	1	1	0	1	0	0	0	0	1	0	1	0	0	1	1	0	0	0	1	1	1	0	0	0	0	1	0	0	0	1	1	1	0	1	0	0	0	1	1	1	1	1	0	0	0	0	0	0	0	0	0	0	0	0	0	0	0	0	0	0	0	0	0	0	0	0	0	27	2	2	3	2	3	3	3	1	2	3	3	3	28	3	3	3	1	1	1	3
243	1	31	0	4	0	2	3	6	2	2	0	1	1	1	0	1	1	0	0	0	0	1	1	0	1	0	1	0	1	0	0	1	1	1	0	0	1	1	0	0	1	1	1	1	1	0	1	1	1	1	0	1	1	1	0	0	1	0	0	0	0	1	1	1	1	0	0	0	0	0	0	1	0	0	0	0	0	0	0	0	0	0	0	0	0	0	0	0	0	4	37	2	3	3	3	3	2	2	1	1	3	3	3	27	3	3	3	1	2	2	3
244	1	20	1	3	2	4	3	6	2	2	1	1	1	0	1	0	0	0	0	0	0	0	0	0	1	0	0	1	0	0	0	1	0	0	0	0	0	0	0	0	0	1	0	0	0	0	0	0	0	0	0	0	0	0	0	0	1	0	0	0	0	1	1	1	0	0	0	0	0	0	0	0	0	0	0	0	0	0	0	0	0	0	0	0	0	0	0	0	0	0	11	0	3	3	2	3	2	2	1	2	3	3	3	27	1	3	1	1	3	1	3
245	1	21	0	2	0	3	3	6	0	0	0	1	1	1	1	1	1	1	1	0	0	1	1	1	1	0	1	0	1	0	0	1	1	1	0	1	0	0	0	0	0	1	1	1	1	1	1	0	1	0	0	0	0	1	1	0	1	0	0	0	1	1	1	1	1	0	0	0	0	0	0	0	0	0	0	0	0	0	0	0	0	0	0	0	0	0	0	0	0	0	33	0	3	1	3	3	2	3	1	1	3	3	3	26	3	3	3	2	3	3	2
246	0	28	0	3	0	5	3	10	2	1	2	0	0	0	1	0	0	0	0	0	0	0	0	0	1	0	0	0	0	0	0	0	0	0	0	0	0	0	0	0	0	0	0	0	0	0	0	0	0	0	0	0	0	0	0	0	1	0	0	0	0	0	0	0	0	0	0	0	0	0	0	0	0	0	0	0	0	0	0	0	0	0	0	0	0	0	0	0	0	0	3	0	2	3	3	1	1	1	2	1	3	3	3	23	2	3	2	1	1	1	1
247	0	22	0	2	0	3	3	7	2	0	1	0	1	1	1	1	1	0	1	0	0	0	0	1	0	0	1	1	0	0	0	1	1	1	1	1	0	0	0	0	0	1	1	1	1	1	1	1	1	1	1	1	1	0	0	0	1	0	1	1	1	1	1	1	1	0	0	0	0	0	0	0	0	0	0	0	0	0	0	0	0	0	0	0	0	0	0	0	0	1	35	1	1	1	1	2	3	1	3	2	2	2	2	20	2	2	1	2	2	1	2
248	1	28	0	2	0	5	3	10	2	1	2	1	1	1	1	1	1	0	0	0	0	0	1	1	1	1	1	1	1	0	0	0	0	1	0	1	0	1	0	0	0	1	1	1	1	1	1	0	0	0	0	0	1	1	0	0	0	0	0	0	0	0	0	0	0	0	0	0	0	0	0	0	0	0	0	0	0	0	0	0	0	0	0	1	0	0	0	0	0	3	28	0	3	3	3	3	2	3	1	1	3	3	3	28	1	2	1	1	1	1	3
249	0	22	0	2	0	4	3	7	1	0	1	0	0	1	0	1	1	0	0	0	0	0	1	0	0	0	0	0	0	0	0	0	0	0	0	0	0	0	0	0	0	1	0	1	0	1	0	0	0	0	0	0	0	0	0	0	0	0	0	0	0	0	0	1	1	0	0	0	0	0	0	0	0	0	0	0	0	0	0	0	0	0	0	0	0	0	0	0	0	0	9	0	1	2	2	2	2	3	3	3	2	3	3	26	3	3	3	1	2	3	1
250	0	24	0	2	2	6	3	10	2	1	1	1	0	0	1	1	0	0	0	0	0	1	0	1	0	0	1	0	0	0	0	0	0	0	0	0	0	0	1	0	0	0	0	0	0	0	0	0	0	0	0	0	0	1	0	0	1	0	0	0	0	0	1	0	0	0	0	0	0	0	0	0	0	0	0	0	0	0	0	0	0	0	0	0	0	0	0	0	0	0	10	2	3	3	3	3	3	2	1	1	3	3	3	28	2	2	1	1	1	1	1
251	0	25	1	5	1	5	3	7	2	2	1	0	0	1	0	1	0	0	1	0	0	0	0	1	0	1	1	0	0	1	0	1	0	0	0	0	1	0	1	1	0	0	1	0	0	0	0	0	0	0	0	0	0	0	0	0	1	0	0	0	1	0	0	0	0	0	0	0	0	0	0	0	0	0	0	0	0	0	0	0	0	0	0	0	0	0	0	0	0	0	14	2	2	2	2	2	2	1	2	2	3	2	2	22	2	2	1	1	1	1	3
252	0	19	1	2	1	1	3	4	1	0	0	0	0	0	0	0	0	0	0	0	0	0	0	0	0	0	0	0	0	0	0	0	1	0	0	1	1	0	0	1	0	0	0	1	0	0	0	0	0	0	0	0	0	0	0	0	0	0	0	1	0	0	0	0	0	0	0	0	0	0	0	0	0	0	0	0	0	0	0	0	0	0	0	0	0	0	0	0	0	0	6	1	3	2	1	3	3	2	1	1	2	1	2	21	2	1	1	1	1	1	1
253	1	23	0	2	0	3	3	6	2	0	0	1	1	1	0	0	0	0	0	0	0	0	0	0	0	0	0	0	0	0	0	0	0	0	0	0	0	0	0	0	0	1	0	1	0	0	1	0	0	0	0	0	0	0	0	0	0	0	0	0	0	0	0	0	0	0	0	0	0	0	0	0	0	0	0	0	0	0	0	0	0	0	0	0	0	0	0	0	0	0	6	0	2	2	1	2	3	1	1	1	2	2	2	19	2	2	2	2	2	1	1
254	0	24	1	4	1	3	3	6	1	1	1	1	0	0	1	0	0	0	1	0	1	1	1	1	1	1	1	1	0	0	1	1	1	1	1	1	1	0	0	1	1	0	0	0	0	0	0	0	0	0	0	0	0	1	1	0	1	0	0	0	0	1	0	0	0	0	0	0	0	0	0	0	0	0	0	0	0	0	0	0	0	0	0	0	0	0	0	0	0	0	24	2	2	3	2	3	2	2	1	1	2	3	3	24	2	2	1	1	1	1	1
255	1	22	0	3	0	3	3	5	2	1	1	1	1	1	1	1	1	1	1	0	0	0	1	1	1	1	1	1	1	0	1	1	1	1	0	1	1	1	1	1	1	1	1	1	1	1	1	1	1	0	0	1	1	1	1	1	1	0	1	1	1	1	1	1	1	0	0	0	0	0	0	0	0	0	0	0	0	0	0	0	0	0	0	0	0	0	0	0	0	0	46	0	3	3	3	3	3	3	2	2	3	3	3	31	1	2	2	1	2	1	3
256	0	25	1	3	1	5	3	10	1	0	2	1	0	0	1	1	1	0	0	0	1	1	1	1	1	1	1	0	1	0	0	1	1	1	0	0	1	1	0	0	1	0	0	0	0	0	0	0	0	0	0	0	0	1	1	1	1	0	0	0	0	0	1	0	0	0	0	0	0	0	0	0	0	0	0	0	0	0	0	0	0	0	0	0	0	0	0	0	0	0	23	0	3	3	1	3	1	2	1	1	3	2	2	22	2	1	1	1	1	1	2
257	1	29	0	1	0	5	3	9	2	2	1	1	1	1	1	1	1	0	1	0	0	0	0	1	0	0	0	0	0	0	0	0	0	0	0	0	0	0	0	0	0	1	0	0	0	0	0	0	0	0	0	0	0	1	0	0	1	0	0	0	0	0	0	1	0	0	0	0	0	0	0	0	0	0	0	0	0	0	0	0	0	0	0	0	0	0	0	0	0	0	12	0	3	3	3	3	3	2	1	1	3	2	2	26	1	1	1	1	1	1	3
258	0	19	0	3	1	2	3	4	2	1	0	1	0	1	1	0	0	0	0	0	0	0	0	0	0	0	1	0	1	0	1	0	0	0	0	0	1	1	1	0	0	1	1	0	0	0	1	0	0	0	0	0	0	0	0	0	1	1	0	1	1	1	1	1	0	0	0	0	0	0	0	0	0	0	0	0	0	0	0	0	0	0	0	0	0	0	0	0	0	1	20	0	3	3	1	3	1	3	1	1	3	2	3	24	1	1	2	1	1	1	3
259	1	23	0	2	0	4	3	7	2	0	0	1	1	1	1	1	1	1	1	0	0	1	0	1	0	0	0	0	0	0	0	0	0	0	0	0	0	0	0	0	0	1	1	1	1	0	0	0	0	0	0	0	0	0	0	0	0	0	0	0	0	0	0	0	0	0	0	0	0	0	0	0	0	0	0	0	0	0	0	0	0	0	0	0	0	0	0	0	0	0	14	0	3	3	1	3	3	1	1	1	3	2	2	23	1	2	1	1	1	1	1
260	0	24	0	2	0	2	3	10	2	0	0	1	0	1	0	0	0	1	0	0	0	0	0	0	0	1	0	0	0	0	0	0	0	0	0	0	1	1	0	0	0	0	0	0	0	0	0	0	0	0	0	0	0	1	0	0	0	0	0	0	0	1	0	0	0	0	0	0	0	0	0	0	0	0	0	0	0	0	0	0	0	0	0	0	0	0	0	0	0	1	9	0	2	3	1	1	1	1	2	1	3	1	1	17	3	1	1	2	2	1	1
261	1	23	0	3	0	5	3	7	2	2	1	0	1	1	1	1	1	1	1	0	0	1	0	1	0	0	1	0	0	0	1	1	0	1	1	1	1	1	0	0	1	1	1	1	1	1	1	1	1	1	1	1	1	1	0	1	1	0	0	1	1	1	1	1	1	0	0	0	0	0	0	0	0	0	0	0	0	0	0	0	0	0	0	0	0	0	0	0	0	0	39	2	1	1	1	1	3	3	3	3	2	2	2	22	3	2	1	1	1	1	2
262	1	22	0	3	0	5	3	7	2	0	1	0	0	0	0	0	1	0	0	0	0	0	1	1	0	0	0	0	0	0	0	0	0	0	0	0	0	0	0	0	1	0	0	0	0	0	0	0	0	0	0	0	0	0	0	0	0	0	0	0	0	0	0	1	1	0	0	0	0	0	0	0	0	0	0	0	0	0	0	0	0	0	0	0	0	0	0	0	0	0	6	1	3	1	2	2	1	1	1	1	2	3	3	20	2	3	2	1	1	1	1
263	1	23	0	3	0	5	3	9	2	0	0	1	1	1	1	1	1	0	0	0	0	0	1	1	1	1	1	1	0	0	0	1	1	1	0	1	0	0	0	0	1	1	0	0	0	0	0	0	0	0	0	0	1	1	0	0	1	0	1	0	1	1	1	1	0	0	0	0	0	0	0	0	0	0	0	0	0	0	0	0	0	0	0	0	0	0	0	0	0	0	26	2	3	3	3	3	3	3	3	3	3	3	3	33	2	3	1	1	2	1	3
264	1	22	0	1	0	5	3	8	2	2	1	0	0	1	0	1	0	0	1	0	0	1	1	1	1	1	1	0	0	0	0	1	0	0	1	1	1	0	0	0	1	1	0	1	0	0	0	0	0	0	0	0	0	1	0	0	1	0	0	1	1	1	0	1	1	0	0	0	0	0	0	0	0	0	0	0	0	0	0	0	0	0	0	0	0	0	0	0	0	0	23	0	1	3	1	1	1	1	1	1	3	3	3	19	2	3	1	1	1	1	3
265	0	25	0	3	0	4	3	7	2	0	0	1	1	1	1	1	1	1	1	0	1	1	1	1	1	1	1	1	1	0	1	1	0	1	0	1	1	1	1	0	1	1	1	1	1	1	1	0	0	0	0	0	1	1	1	0	1	0	0	1	1	1	0	1	1	0	0	0	0	0	0	0	0	0	0	0	0	0	0	0	0	0	0	0	0	0	0	0	0	0	40	0	2	3	1	2	1	2	1	2	3	3	3	23	2	2	1	1	1	1	2
266	0	21	0	2	0	4	3	5	1	0	0	1	0	0	0	0	0	0	0	0	1	0	0	1	0	0	1	0	0	0	0	1	0	1	0	0	0	0	0	0	0	0	0	0	0	0	0	0	0	0	0	0	0	0	0	0	1	0	0	0	0	0	0	1	0	0	0	0	0	0	0	0	0	0	0	0	0	0	0	0	0	0	0	0	0	0	0	0	0	0	8	2	1	1	1	1	1	1	1	1	1	1	1	11	1	1	1	1	1	1	1
267	1	21	1	1	1	4	3	5	1	2	0	1	1	1	1	1	1	1	1	0	1	1	1	1	1	1	1	1	0	0	0	1	1	1	1	1	1	1	1	1	1	1	1	1	1	1	1	0	1	0	0	0	1	1	1	1	1	1	1	1	1	1	1	1	1	0	0	0	0	0	0	0	0	0	0	0	0	0	0	0	0	0	0	0	0	0	0	0	0	0	46	0	3	3	3	3	2	2	1	1	3	3	3	27	3	3	3	1	1	1	3
268	1	21	0	2	1	4	2	5	2	1	2	0	1	1	1	1	1	1	0	0	0	0	1	1	1	0	1	1	1	0	0	1	0	0	0	0	1	1	1	1	0	1	1	1	1	1	1	1	0	0	0	0	1	1	1	0	1	0	1	1	1	1	1	1	1	0	0	0	0	0	0	0	0	0	0	0	0	0	0	0	0	0	0	0	0	0	0	0	0	0	35	1	3	2	1	3	1	2	1	1	2	3	3	22	3	3	2	1	1	1	2
269	1	27	0	2	0	3	2	4	2	1	0	0	0	1	0	1	1	1	1	0	0	1	0	1	1	0	0	0	0	0	0	1	1	0	0	1	1	0	1	0	1	1	1	0	0	0	1	1	1	0	0	0	1	1	0	0	1	0	0	1	1	1	1	1	1	0	0	0	0	0	0	0	0	0	0	0	0	0	0	0	0	0	0	0	0	0	0	0	0	2	30	0	2	2	2	3	2	1	1	1	3	2	3	22	1	1	1	1	1	1	3
270	1	27	1	4	1	6	1	8	0	2	2	1	1	1	1	1	1	0	1	0	0	0	1	1	0	0	0	0	0	0	0	0	0	0	0	1	1	1	0	0	0	1	1	0	0	0	0	0	1	0	0	0	1	1	0	1	1	0	0	0	0	0	1	1	0	0	0	0	0	0	0	0	0	0	0	0	0	0	0	0	0	0	0	0	0	0	1	0	1	5	28	2	3	3	2	3	3	1	1	1	3	3	3	26	1	1	1	1	1	1	3
271	0	24	0	1	2	2	1	6	1	1	0	1	1	1	0	0	1	1	0	0	0	0	0	1	0	1	1	0	0	1	0	0	0	0	0	1	0	0	0	0	0	0	0	0	0	0	0	0	0	0	0	0	0	0	0	0	1	0	0	0	0	0	0	0	0	0	0	1	0	0	0	0	0	0	0	0	0	0	0	0	0	0	0	0	0	0	0	0	0	0	12	0	2	2	1	3	2	1	2	1	3	1	2	20	3	2	1	2	2	2	2
272	1	19	1	4	1	5	0	4	2	1	0	0	1	1	1	1	1	1	0	0	1	1	1	1	1	0	1	1	0	0	0	1	1	1	0	0	1	1	1	0	0	1	1	1	1	1	1	0	0	0	0	0	1	1	1	0	1	0	0	0	1	1	1	1	1	0	0	0	0	0	0	0	0	0	0	0	0	0	0	0	0	0	0	0	0	0	0	0	0	0	34	2	3	3	3	3	3	1	1	1	2	3	3	26	3	3	1	1	1	1	3
273	0	32	1	3	2	3	0	5	1	2	0	1	1	1	1	1	1	1	0	0	1	1	1	1	1	0	1	0	1	1	0	0	1	1	1	0	1	1	1	1	0	1	1	1	1	1	1	1	1	1	1	1	1	1	0	1	1	1	1	1	1	1	1	1	1	0	0	0	0	0	0	0	0	0	0	0	0	0	0	0	0	0	0	0	0	0	0	1	0	0	46	0	2	2	2	2	2	1	1	1	3	2	2	20	3	1	1	1	1	2	2
274	1	20	0	3	1	6	0	5	1	2	1	1	1	1	1	1	1	1	1	0	1	1	1	1	1	1	1	1	1	1	1	1	1	1	1	1	1	1	1	1	1	1	1	1	1	1	1	1	1	1	1	1	1	1	1	1	1	1	1	1	1	1	1	1	1	0	0	0	0	0	0	0	0	0	0	0	0	0	0	0	0	0	0	0	0	0	0	0	0	2	55	0	3	3	3	3	3	1	1	1	3	3	3	27	2	3	1	1	3	1	3
275	1	37	0	2	1	4	1	7	2	0	0	1	1	1	1	0	1	0	0	0	0	0	0	0	0	0	0	0	0	0	0	0	0	1	0	1	0	0	0	0	0	0	0	0	1	0	0	0	0	0	0	0	0	1	0	0	1	0	0	0	0	0	1	1	1	0	0	0	0	0	0	0	0	0	0	0	0	0	0	0	0	0	0	0	0	0	0	0	0	0	13	0	3	2	2	3	2	1	1	1	1	3	3	22	2	1	1	1	1	1	3
276	1	20	0	2	1	3	0	5	2	1	0	1	0	1	1	1	0	0	0	0	0	0	1	1	1	0	1	1	0	0	0	1	0	0	0	0	0	0	0	0	0	1	1	0	0	0	0	0	0	0	0	0	0	1	1	0	1	0	0	0	0	0	1	1	0	0	0	0	0	0	0	0	0	0	0	0	0	0	0	0	0	0	0	0	0	0	0	0	0	0	17	2	3	3	2	3	2	2	1	1	3	2	3	25	2	3	3	1	1	1	3
277	1	26	1	3	0	1	0	5	1	2	0	0	1	0	1	0	0	0	0	0	1	0	1	1	0	0	1	1	0	0	1	0	0	0	0	0	1	1	0	0	1	1	1	0	0	1	0	0	0	0	0	1	0	0	0	0	0	0	0	1	0	1	1	1	0	0	0	0	0	0	0	0	0	0	0	0	0	0	0	0	0	0	0	0	0	0	0	0	0	0	19	2	2	2	3	3	1	1	1	1	1	2	2	19	3	1	1	1	1	1	1
278	1	26	0	2	0	2	1	5	0	0	0	1	1	1	1	1	1	1	1	0	0	0	1	1	1	0	0	0	0	0	0	0	0	1	0	0	1	0	0	0	0	1	1	1	1	0	0	0	0	0	0	0	0	1	1	0	1	0	0	0	0	0	1	1	1	0	0	0	0	0	0	0	0	0	0	0	0	0	0	0	0	0	0	0	0	0	0	0	0	0	23	0	3	3	2	3	1	1	1	3	1	3	3	24	3	3	1	1	1	1	3
279	1	22	0	2	0	4	1	8	1	0	0	1	1	1	1	1	1	0	0	0	0	0	1	1	0	0	0	0	0	0	0	0	0	0	0	0	0	0	0	0	0	0	0	0	0	0	1	0	0	0	0	0	0	1	1	1	1	0	0	0	1	0	0	1	1	0	0	0	0	0	0	0	0	0	0	0	0	0	0	0	0	0	0	0	0	0	0	0	1	2	19	0	3	3	2	3	1	2	1	1	3	1	3	23	1	1	1	1	1	1	1
280	1	19	0	3	1	6	0	4	1	1	0	1	1	1	1	1	1	1	1	0	0	0	1	1	1	1	1	1	0	0	0	1	1	0	0	1	1	0	0	0	0	1	1	0	0	0	0	0	0	0	0	0	0	1	1	1	1	0	0	1	1	1	1	1	1	0	0	0	0	0	0	0	0	0	0	0	0	0	0	0	0	0	0	0	0	0	0	0	0	0	30	2	3	3	3	3	3	3	1	1	1	3	3	27	3	3	3	1	3	3	3
281	0	20	0	2	0	0	0	4	1	1	0	0	0	0	0	0	0	0	0	0	0	0	0	0	0	0	0	0	0	0	0	0	0	0	0	0	1	1	1	0	0	0	0	0	0	0	0	0	0	0	0	0	0	0	0	0	0	0	0	0	0	0	0	0	0	0	0	0	0	0	0	0	0	0	0	0	0	0	0	0	0	0	0	0	0	0	0	0	0	0	3	0	2	2	2	2	2	1	1	1	2	2	2	19	1	1	1	1	1	1	2
282	1	21	0	2	0	5	1	8	0	0	0	1	1	1	1	1	1	0	0	0	0	0	0	0	0	0	0	0	0	0	0	0	0	0	0	0	0	0	0	0	0	1	1	0	1	1	0	0	0	0	0	0	0	0	0	0	1	0	0	1	1	0	1	1	0	0	0	0	0	0	0	0	0	0	0	0	0	0	0	0	0	0	0	0	0	0	0	0	0	0	15	2	3	3	3	3	2	1	1	1	3	3	3	26	2	1	1	1	1	1	1
283	0	21	0	4	2	5	3	8	2	2	1	0	1	1	0	1	1	0	0	0	0	0	0	0	0	0	0	0	0	0	0	0	0	0	0	0	0	0	0	0	0	1	1	1	1	1	1	0	0	0	0	0	0	0	0	0	0	0	0	0	0	1	0	1	1	0	0	0	0	0	0	0	0	0	0	0	0	0	0	0	0	0	0	0	0	0	0	0	0	0	13	0	3	3	3	3	3	1	1	1	1	3	3	25	1	1	1	1	1	1	3
284	0	25	1	4	2	2	0	5	1	1	0	1	0	0	0	0	0	1	0	0	1	0	1	1	0	1	1	0	0	1	0	1	0	1	1	0	1	0	0	1	1	0	0	0	0	0	0	1	0	0	0	1	0	1	1	0	1	1	1	0	0	1	1	0	0	0	0	0	0	0	0	0	0	0	0	0	0	0	0	0	0	0	0	0	0	0	0	0	0	0	23	0	3	3	3	3	3	1	1	2	3	3	3	28	3	1	2	1	2	3	3
285	0	32	1	3	0	2	0	5	0	1	0	0	0	0	0	0	0	0	0	0	0	0	0	0	0	0	0	0	0	0	0	0	0	0	0	0	0	0	0	0	0	0	0	0	0	0	0	0	0	0	0	0	0	0	0	0	0	0	0	0	0	0	0	1	0	0	0	0	0	0	0	0	0	0	0	0	0	0	0	0	0	0	0	0	0	0	0	0	0	0	1	1	1	1	1	1	1	1	1	1	3	1	1	13	1	1	1	1	1	1	1
286	0	23	0	3	0	0	1	5	0	1	0	1	1	1	1	0	0	0	0	0	0	0	0	1	1	1	1	0	0	1	0	1	0	1	0	1	1	0	0	1	0	0	1	0	0	0	0	1	0	0	0	0	0	1	1	1	1	0	0	0	1	1	0	1	0	0	0	0	0	0	0	0	0	0	0	0	0	0	0	0	0	0	0	0	0	0	0	0	0	0	23	0	2	2	1	2	3	1	1	1	2	3	3	21	2	1	1	1	1	1	1
287	1	24	0	2	2	6	1	10	1	2	1	1	1	1	1	0	0	1	1	0	0	0	1	0	0	1	0	0	0	0	0	0	0	0	0	0	0	0	0	0	0	0	0	0	0	0	0	0	0	0	0	0	0	1	1	0	0	0	0	0	0	0	1	0	0	0	0	0	0	0	0	0	0	0	0	0	0	0	0	0	0	0	0	0	0	0	0	0	0	0	11	2	3	3	1	3	2	1	1	1	3	1	3	22	3	3	1	1	1	1	1
288	1	20	0	2	1	3	0	5	1	2	2	1	1	1	1	1	1	1	1	0	0	1	1	1	1	1	1	1	1	0	0	1	0	1	0	1	1	1	1	1	0	1	1	0	1	1	0	1	0	0	0	1	1	1	0	1	1	1	1	1	1	0	1	1	1	0	0	0	0	0	0	0	0	0	0	0	0	0	0	0	0	0	0	0	0	0	0	0	0	3	43	1	3	3	2	3	3	1	1	1	3	3	3	26	3	2	1	1	1	1	3
289	1	19	1	3	1	1	0	5	2	2	1	0	1	1	1	1	1	0	0	0	0	0	0	1	1	0	1	1	0	0	0	0	0	1	0	0	1	1	1	0	0	1	1	0	0	0	0	0	0	0	0	0	1	0	0	0	1	1	1	1	1	1	1	1	0	0	1	0	0	0	0	0	0	0	0	0	0	0	0	0	0	1	0	0	0	0	0	0	0	3	29	2	3	3	1	3	1	3	3	1	3	3	3	27	1	3	1	1	1	1	3
